15410 209
15410 90
15410 2833
15410 2864
15410 2361
15410 3506
15410 3498
15410 1500
15410 3552
15410 2679
15410 3092
15410 2031
15410 2404
15410 3551
15410 2769
15410 3403
15410 3558
15410 3147
15410 2753
15410 2325
15410 795
15410 3400
15410 1067
15410 2371
15410 2503
15410 2651
15410 2785
15410 1641
15410 218
15410 3293
15410 2736
15410 1407
15410 3223
15410 1258
15410 2745
15410 2605
15410 3503
15410 3220
15410 1690
15410 141
15410 2756
15410 2649
15410 3384
15410 2363
15410 3376
15410 3069
15410 3298
15410 2360
15410 3342
15410 1265
18771 2413
18771 1943
18771 1415
18771 2363
18771 3555
18771 2251
18771 1067
18771 1265
18771 795
18771 2325
18771 3298
18771 2679
18771 3293
18771 2736
18771 3400
18771 2406
18771 2756
18771 3147
18771 1407
18771 1258
18771 3498
18771 1641
18771 1266
18771 3382
18771 2359
18771 3551
18771 2651
18771 2503
18771 1690
18771 3220
18771 3039
18771 1459
18771 1467
18771 2345
18771 3223
18771 3376
18771 3260
18771 3384
18771 3508
18771 2361
18771 3553
18771 2864
18771 2460
18771 2031
18771 1539
18771 1973
18771 3503
18771 2360
18771 3552
18771 2867
13295 3362
13295 999
13295 3155
13295 2255
13295 3249
13295 3146
13295 3505
13295 3302
13295 3108
13295 2953
13295 1264
13295 1607
13295 675
13295 3148
13295 2753
13295 343
13295 2844
13295 1337
13295 1407
13295 1622
13295 938
13295 2806
13295 2984
13295 3221
13295 1266
13295 3399
13295 863
13295 3312
13295 2636
13295 709
13295 2987
13295 3431
13295 2404
13295 1298
13295 1686
13295 1554
13295 2916
13295 3633
13295 2986
13295 3260
13295 1255
13295 3508
13295 1090
13295 711
13295 848
13295 50
13295 2687
13295 2951
13295 2773
13295 1200
13295 1241
13295 1427
13203 1933
13203 3435
13203 569
13203 879
13203 2521
13203 256
13203 2003
13203 78
13203 2709
13203 601
13203 259
13203 3297
13203 1342
13203 2367
13203 3359
13203 3396
13203 2878
13203 283
13203 3259
13203 3630
13203 2832
13203 2625
13203 587
13203 2662
13203 3159
13203 1344
13203 50
13203 1352
13203 3253
13203 1298
13203 2277
13203 899
13203 400
13203 556
13203 1891
13203 449
13203 2643
13203 853
13203 209
13203 2589
13203 3392
13203 2907
13203 1683
13203 1691
13203 1836
13203 736
13203 2993
13203 3556
13203 3621
13203 1216
13203 2637
13203 2386
13203 2860
13203 2278
13203 240
13203 2620
13203 248
13203 2373
13203 2162
15634 1550
15634 2986
15634 2549
15634 3155
15634 124
15634 2706
15634 3234
15634 3403
15634 1836
15634 760
15634 2987
15634 3383
15634 2649
15634 1338
15634 2860
15634 1565
15634 2687
15634 3298
15634 2754
15634 1067
15634 2325
15634 2470
15634 206
15634 2866
15634 3398
15634 3151
15634 2471
15634 2801
15634 2834
15634 3399
15634 2162
15634 2814
15634 1288
15634 1709
15634 1552
15634 1973
15634 711
15634 3297
15634 2031
15634 2373
15634 3487
15634 3186
15634 2015
15634 3149
15634 1054
15634 3442
15634 118
15634 675
15634 3228
15634 2832
15634 1063
15634 2651
15634 556
15634 3068
15634 820
15634 3146
18910 2503
18910 3446
18910 3039
18910 3298
18910 3293
18910 3260
18910 1227
18910 1265
18910 1607
18910 2091
18910 2867
18910 1459
18910 3069
18910 3385
18910 3633
18910 1410
18910 1690
18910 2369
18910 2740
18910 3382
18910 3506
18910 1634
18910 2361
18910 2679
18910 1077
18910 3552
18910 2345
18910 3186
18910 2251
18910 2784
18910 2031
18910 3459
18910 1306
18910 2413
18910 1067
18910 3303
18910 1072
18910 3184
18910 1641
18910 2909
18910 1415
18910 1943
18910 3403
18910 1498
18910 2877
18910 1202
18910 2651
18910 3055
18910 795
18910 3400
18910 1792
18910 2255
10646 3484
10646 1683
10646 3220
10646 1602
10646 1427
10646 3376
10646 2817
10646 2988
10646 3342
10646 791
10646 3458
10646 721
10646 2406
10646 2251
10646 1265
10646 2636
10646 710
10646 3498
10646 1091
10646 1557
10646 3459
10646 2865
10646 505
10646 2986
10646 2909
10646 789
10646 1686
10646 1185
10646 2342
10646 1539
10646 3383
10646 3542
10646 1792
10646 1252
10646 2529
10646 2010
10646 3194
10646 2876
10646 3039
10646 2651
10646 3303
10646 1980
10646 2939
10646 493
10646 431
10646 3319
10646 2756
10646 2058
10646 3448
10646 1297
10646 3192
10646 1690
10646 1410
10646 1224
10646 2951
10646 1973
10646 32
16780 1544
16780 726
16780 1091
16780 2834
16780 2249
16780 1403
16780 1791
16780 675
16780 1686
16780 1890
16780 3547
16780 1264
16780 3151
16780 2916
16780 2941
16780 1512
16780 3249
16780 1622
16780 3629
16780 1826
16780 2340
16780 218
16780 795
16780 3087
16780 2737
16780 2556
16780 1506
16780 2781
16780 3080
16780 3507
16780 1921
16780 343
16780 630
16780 3155
16780 3186
16780 1410
16780 2986
16780 1427
16780 1458
16780 1922
16780 2568
16780 3148
16780 848
16780 840
16780 2534
16780 3223
16780 1063
16780 3487
16780 1288
16780 1742
16780 3149
7529 2834
7529 3400
7529 1458
7529 2679
7529 3446
7529 1202
7529 3384
7529 2756
7529 2841
7529 2031
7529 3507
7529 3151
7529 1054
7529 1634
7529 2414
7529 906
7529 820
7529 2785
7529 1417
7529 2568
7529 2971
7529 2413
7529 2211
7529 1641
7529 3505
7529 1044
7529 1943
7529 2753
7529 29
7529 2373
7529 2737
7529 3186
7529 1973
7529 2830
7529 795
7529 3403
7529 1407
7529 2806
7529 3542
7529 2867
7529 1980
7529 2534
7529 1607
7529 3409
7529 3069
7529 2255
7529 3633
7529 1459
7529 1227
7529 1498
7529 1467
7529 2951
15766 3186
15766 125
15766 1458
15766 2781
15766 1264
15766 820
15766 1063
15766 2929
15766 2091
15766 1459
15766 3192
15766 2549
15766 2031
15766 1608
15766 795
15766 2830
15766 2012
15766 3635
15766 2822
15766 2709
15766 1263
15766 3069
15766 1255
15766 2248
15766 1539
15766 2706
15766 1982
15766 3298
15766 2753
15766 3342
15766 3458
15766 1067
15766 630
15766 2482
15766 2941
15766 3038
15766 343
15766 3039
15766 2651
15766 1922
15766 3312
15766 736
15766 2503
15766 1709
15766 2325
15766 1973
15766 3403
15766 3507
15766 2058
15766 3147
15766 2737
15766 726
15149 1511
15149 2844
15149 1297
15149 1216
15149 999
15149 2464
15149 3626
15149 3312
15149 2866
15149 1288
15149 2323
15149 1063
15149 2939
15149 3148
15149 2834
15149 2900
15149 2683
15149 2753
15149 2373
15149 164
15149 900
15149 2249
15149 2841
15149 2295
15149 3147
15149 1252
15149 2616
15149 3383
15149 1565
15149 3375
15149 1871
15149 848
15149 2344
15149 763
15149 1332
15149 1367
15149 3146
15149 2832
15149 1673
15149 2987
15149 1200
15149 177
15149 3184
15149 2723
15149 1498
15149 2986
15149 2625
15149 695
15149 2334
15149 3512
15149 1241
15149 218
15149 3151
15149 3077
15149 1488
15149 85
9529 3039
9529 1297
9529 3260
9529 3293
9529 3508
9529 2361
9529 3400
9529 1511
9529 2740
9529 2864
9529 2031
9529 1973
9529 2326
9529 2359
9529 2549
9529 2863
9529 3555
9529 32
9529 2342
9529 2507
9529 3505
9529 2325
9529 3298
9529 1641
9529 1252
9529 1690
9529 1243
9529 1301
9529 2679
9529 2803
9529 2406
9529 3280
9529 3503
9529 2323
9529 2753
9529 3147
9529 3486
9529 3552
9529 1415
9529 1266
9529 2010
9529 2867
9529 1067
9529 2255
9529 2404
9529 2503
9529 3220
9529 3377
9529 1265
9529 2296
9529 3302
9529 795
17076 2413
17076 1459
17076 3552
17076 2841
17076 3039
17076 2004
17076 1641
17076 2651
17076 3452
17076 1089
17076 2752
17076 1427
17076 1690
17076 1288
17076 2753
17076 1792
17076 2031
17076 2769
17076 3298
17076 760
17076 2877
17076 2679
17076 2325
17076 1067
17076 283
17076 2087
17076 820
17076 556
17076 3382
17076 1415
17076 3498
17076 2334
17076 1332
17076 1134
17076 3400
17076 1266
17076 2360
17076 1416
17076 814
17076 1407
17076 3558
17076 2740
17076 1919
17076 2361
17076 1524
17076 2568
17076 3293
17076 3260
17076 3303
17076 1640
17076 2255
17076 1063
17076 1243
17076 2494
17076 3220
2107 2473
2107 2316
2107 3586
2107 464
2107 1923
2107 1704
2107 2233
2107 1774
2107 451
2107 1327
2107 971
2107 1567
2107 1658
2107 2782
2107 2327
2107 202
2107 2798
2107 3100
2107 2281
2107 1995
2107 2240
2107 900
2107 49
2107 1615
2107 1644
2107 420
2107 2388
2107 11
2107 1065
2107 358
2107 1024
2107 1320
2107 3064
2107 2436
2107 576
2107 3283
2107 479
2107 67
2107 1934
2107 1662
2107 2741
2107 3266
2107 2508
2107 3083
2107 1169
2107 1136
2107 1131
2107 3524
2107 2527
2107 341
130 1232
130 357
130 2902
130 761
130 3026
130 2986
130 15
130 3528
130 597
130 1362
130 2280
130 2987
130 268
130 2210
130 3372
130 673
130 532
130 3203
130 3219
130 2839
130 2682
130 913
130 1050
130 29
130 988
130 215
130 1563
130 2411
130 485
130 3605
130 3324
130 2767
130 3287
130 2338
130 3
130 3107
130 2247
130 2214
130 1660
130 2818
130 606
130 1868
130 3562
130 1504
130 3185
130 3454
130 3525
130 1334
130 2834
130 528
130 1520
130 499
130 2244
130 1599
130 1443
130 3066
130 2686
130 3460
130 3436
10630 3155
10630 2616
10630 1332
10630 1766
10630 1403
10630 2344
10630 50
10630 848
10630 215
10630 840
10630 2816
10630 385
10630 1565
10630 1511
10630 3487
10630 1718
10630 2585
10630 1921
10630 2986
10630 1562
10630 1347
10630 1091
10630 1298
10630 1918
10630 3080
10630 2768
10630 3452
10630 2636
10630 2326
10630 32
10630 3196
10630 1679
10630 3151
10630 760
10630 2087
10630 1134
10630 3482
10630 3234
10630 2844
10630 1647
10630 2373
10630 1288
10630 2737
10630 2365
10630 2551
10630 2024
10630 3103
10630 2845
10630 3149
10630 2834
10630 3146
10630 3249
10630 85
10630 2001
10630 1559
4739 726
4739 2369
4739 675
4739 3503
4739 1301
4739 1673
4739 3080
4739 3487
4739 1417
4739 1091
4739 2806
4739 1099
4739 2814
4739 2829
4739 1691
4739 1458
4739 1063
4739 2941
4739 15
4739 2553
4739 754
4739 1551
4739 3186
4739 3155
4739 630
4739 1922
4739 343
4739 1566
4739 3403
4739 2753
4739 2003
4739 1410
4739 3216
4739 959
4739 1054
4739 2249
4739 3375
4739 2752
4739 2864
4739 2010
4739 2717
4739 1544
4739 3149
4739 1819
4739 1288
4739 1826
4739 1563
4739 2549
4739 3508
4739 1539
4739 991
4739 890
4739 2781
4739 711
4739 1403
4739 3220
4739 3151
4739 2834
4739 2737
10339 2658
10339 1918
10339 2846
10339 2706
10339 730
10339 280
10339 1554
10339 3452
10339 2723
10339 2334
10339 2870
10339 2577
10339 2636
10339 630
10339 1134
10339 2817
10339 2087
10339 1344
10339 2865
10339 32
10339 1718
10339 1640
10339 1347
10339 1091
10339 2616
10339 2773
10339 215
10339 532
10339 1332
10339 2344
10339 400
10339 3077
10339 2705
10339 969
10339 85
10339 2252
10339 1297
10339 1367
10339 1520
10339 2737
10339 2024
10339 1318
10339 2365
10339 2551
10339 3103
10339 2901
10339 760
10339 1994
10339 1544
10339 3116
10339 814
10339 2279
10339 1288
10339 3280
10339 2860
12887 2830
12887 3403
12887 3507
12887 3069
12887 3155
12887 1067
12887 3551
12887 3146
12887 3080
12887 795
12887 3506
12887 3039
12887 1306
12887 2568
12887 3149
12887 770
12887 3038
12887 2345
12887 3558
12887 1528
12887 3148
12887 3186
12887 3223
12887 3376
12887 2777
12887 2909
12887 1407
12887 1498
12887 50
12887 3151
12887 2917
12887 1641
12887 2619
12887 2012
12887 2784
12887 2363
12887 820
12887 2251
12887 2404
12887 1376
12887 2031
12887 711
12887 1202
12887 3446
12887 1973
12887 1634
12887 1539
12887 1403
12887 2736
12887 2079
12887 2756
18775 2753
18775 3553
18775 2864
18775 2769
18775 2360
18775 3503
18775 2413
18775 1258
18775 2752
18775 2785
18775 1641
18775 3552
18775 2867
18775 2012
18775 2363
18775 1266
18775 1690
18775 3555
18775 1467
18775 2251
18775 1459
18775 2325
18775 2031
18775 3558
18775 2679
18775 3293
18775 3298
18775 1973
18775 3400
18775 2406
18775 2736
18775 1943
18775 1415
18775 2756
18775 3498
18775 3147
18775 3551
18775 3382
18775 795
18775 1067
18775 3039
18775 2651
18775 2503
18775 2255
18775 3055
18775 3542
18775 1265
18775 3220
18775 3384
18775 2361
18775 2460
18775 3376
18775 3508
18775 3260
18775 2951
18775 1407
18775 3223
18047 2867
18047 1980
18047 3148
18047 2917
18047 2785
18047 3552
18047 1072
18047 2325
18047 795
18047 2784
18047 1265
18047 2679
18047 3446
18047 2251
18047 3293
18047 1871
18047 1607
18047 1067
18047 3298
18047 2736
18047 1498
18047 1407
18047 3400
18047 3551
18047 3506
18047 3382
18047 2756
18047 2359
18047 1266
18047 3039
18047 2012
18047 3633
18047 3147
18047 2651
18047 1690
18047 3385
18047 2503
18047 3038
18047 1410
18047 3508
18047 2255
18047 3223
18047 3055
18047 2460
18047 3558
18047 3384
18047 2361
18047 1973
18047 1202
18047 2568
18047 2345
18047 2031
18047 2360
18047 1943
19204 2211
19204 3220
19204 1690
19204 1459
19204 2534
19204 1467
19204 3105
19204 1410
19204 3311
19204 3551
19204 3312
19204 1501
19204 3552
19204 3403
19204 3039
19204 1792
19204 1791
19204 1262
19204 3553
19204 2503
19204 2296
19204 3503
19204 2917
19204 2255
19204 3198
19204 2363
19204 1264
19204 2909
19204 2769
19204 1686
19204 3505
19204 2951
19204 2058
19204 2406
19204 3555
19204 1943
19204 3299
19204 3448
19204 2431
19204 2068
19204 1266
19204 3498
19204 3507
19204 2862
19204 1077
19204 2929
19204 3458
19204 1557
19204 2830
19204 1458
19204 3194
19204 2864
19204 3459
19204 3302
19204 2012
19204 1243
18814 2740
18814 2460
18814 1607
18814 2651
18814 3039
18814 1871
18814 795
18814 2360
18814 3297
18814 2503
18814 2756
18814 2939
18814 2410
18814 1407
18814 3508
18814 3055
18814 2361
18814 3551
18814 3384
18814 3147
18814 3558
18814 2345
18814 3403
18814 1265
18814 3385
18814 2754
18814 2253
18814 3069
18814 1067
18814 3506
18814 3400
18814 2736
18814 1980
18814 1072
18814 3293
18814 2863
18814 2325
18814 3383
18814 2679
18814 2251
18814 1683
18814 2031
18814 1410
18814 3150
18814 1202
18814 3298
18814 3446
18814 2784
18814 820
18814 3299
18814 2832
18814 2867
18814 1641
18814 1498
18814 2373
18814 3223
18814 3148
18814 2568
18814 1266
15770 2359
15770 879
15770 3403
15770 2830
15770 3506
15770 3448
15770 3551
15770 736
15770 3342
15770 3458
15770 2079
15770 3069
15770 3383
15770 2736
15770 3298
15770 2068
15770 2184
15770 125
15770 3459
15770 943
15770 3198
15770 3293
15770 2404
15770 2803
15770 209
15770 3059
15770 2325
15770 1306
15770 2362
15770 3552
15770 2785
15770 1090
15770 2363
15770 1379
15770 3148
15770 1114
15770 3503
15770 3553
15770 574
15770 2360
15770 3558
15770 3186
15770 2568
15770 3260
15770 2361
15770 3303
15770 3311
15770 3625
15770 3139
15770 3234
15770 3147
16278 3547
16278 1427
16278 1458
16278 3298
16278 1923
16278 2781
16278 1090
16278 1877
16278 3555
16278 3148
16278 1467
16278 1063
16278 2406
16278 1742
16278 1265
16278 1664
16278 3498
16278 1091
16278 1053
16278 1774
16278 1673
16278 3506
16278 2078
16278 1403
16278 2752
16278 1557
16278 2404
16278 726
16278 1926
16278 153
16278 1376
16278 3507
16278 3216
16278 1501
16278 1826
16278 3442
16278 1819
16278 1539
16278 1067
16278 2941
16278 1792
16278 2503
16278 3486
16278 1924
16278 1266
16278 2806
16278 3293
16278 3503
16278 2369
16278 1922
16278 343
16278 3282
16278 1973
16278 2091
16278 630
19187 3403
19187 2345
19187 3260
19187 2361
19187 3553
19187 3551
19187 2651
19187 2864
19187 2785
19187 2503
19187 1410
19187 2917
19187 3039
19187 3542
19187 3552
19187 2867
19187 2091
19187 2784
19187 1072
19187 1792
19187 2363
19187 1067
19187 3505
19187 1114
19187 3108
19187 3298
19187 2861
19187 1943
19187 3198
19187 3446
19187 1415
19187 2251
19187 1607
19187 3184
19187 3459
19187 3625
19187 3409
19187 2068
19187 3633
19187 1266
19187 3293
19187 3506
19187 2359
19187 3400
19187 2342
19187 3385
19187 2079
19187 3147
19187 3302
19187 3055
19187 3186
16889 255
16889 1458
16889 1222
16889 2929
16889 1858
16889 556
16889 2031
16889 1882
16889 2361
16889 2679
16889 2894
16889 2753
16889 2662
16889 3220
16889 2769
16889 2637
16889 2360
16889 2740
16889 3079
16889 1641
16889 2785
16889 2413
16889 2987
16889 3260
16889 1851
16889 2255
16889 2995
16889 3384
16889 1871
16889 3507
16889 2986
16889 2651
16889 3304
16889 3039
16889 1407
16889 1622
16889 2010
16889 2985
16889 3303
16889 3382
16889 1919
16889 2625
16889 1063
16889 736
16889 1017
16889 2984
16889 1459
16889 2058
16889 3558
16889 3293
18940 3555
18940 3392
18940 2864
18940 1114
18940 2360
18940 2031
18940 2345
18940 1301
18940 3293
18940 2679
18940 2361
18940 1690
18940 3223
18940 3558
18940 3551
18940 3147
18940 2867
18940 2363
18940 3039
18940 2068
18940 1467
18940 1498
18940 2503
18940 2410
18940 1459
18940 3055
18940 2736
18940 2651
18940 3505
18940 1607
18940 2325
18940 3552
18940 2012
18940 1973
18940 1919
18940 3382
18940 2753
18940 2784
18940 3553
18940 1306
18940 1407
18940 2769
18940 1943
18940 1415
18940 3220
18940 2917
18940 2568
18940 2079
18940 2413
18940 3508
18940 1641
18940 3260
18940 3298
18940 3625
18940 3376
18940 3446
18940 795
18940 2359
18940 3400
9400 1007
9400 2844
9400 50
9400 2143
9400 1298
9400 3151
9400 1403
9400 3190
9400 2326
9400 1539
9400 1791
9400 2365
9400 2737
9400 2830
9400 1241
9400 2687
9400 3249
9400 1877
9400 1850
9400 2773
9400 2986
9400 2483
9400 2010
9400 840
9400 3146
9400 3580
9400 1673
9400 848
9400 1557
9400 3069
9400 1565
9400 3542
9400 2806
9400 1054
9400 938
9400 3155
9400 1252
9400 3186
9400 3403
9400 2636
9400 32
9400 2865
9400 1288
9400 3385
9400 1792
9400 1091
9400 3149
9400 1618
9400 1742
9400 3033
9400 890
9400 1072
9400 2406
9400 3487
9400 2507
15959 1557
15959 3149
15959 3220
15959 3484
15959 1747
15959 1177
15959 1919
15959 3091
15959 3487
15959 3508
15959 2404
15959 3503
15959 1134
15959 3151
15959 1258
15959 3486
15959 130
15959 3077
15959 711
15959 947
15959 3452
15959 1266
15959 1332
15959 2649
15959 1690
15959 1427
15959 2612
15959 2876
15959 3175
15959 941
15959 2406
15959 3299
15959 1410
15959 3555
15959 2087
15959 1347
15959 3293
15959 3298
15959 503
15959 2549
15959 3409
15959 2305
15959 3498
15959 2753
15959 760
15959 3155
15959 1224
15959 3448
15959 2551
15959 3440
15959 3382
15959 2769
15959 2938
15959 1673
15959 3506
15959 2864
15959 1265
15959 2752
15959 2360
11082 2768
11082 2636
11082 3249
11082 3008
11082 2769
11082 3610
11082 1923
11082 2784
11082 3033
11082 3196
11082 3594
11082 1301
11082 3452
11082 2010
11082 1557
11082 3038
11082 3220
11082 3502
11082 2360
11082 3080
11082 1673
11082 3039
11082 2516
11082 2817
11082 2865
11082 1241
11082 3558
11082 3566
11082 3616
11082 215
11082 431
11082 3606
11082 2773
11082 3614
11082 32
11082 943
11082 3382
11082 3293
11082 2986
11082 1297
11082 3448
11082 2844
11082 1091
11082 2325
11082 3498
11082 2736
11082 840
11082 2845
11082 1263
11082 1410
11082 1690
11082 1973
11082 2365
11082 2679
11082 3605
11082 2012
14049 1053
14049 3487
14049 2866
14049 1301
14049 630
14049 1407
14049 2832
14049 1819
14049 3155
14049 2649
14049 1943
14049 1506
14049 2781
14049 2814
14049 2938
14049 1067
14049 3402
14049 760
14049 2773
14049 3220
14049 2706
14049 1826
14049 1099
14049 1529
14049 1091
14049 726
14049 2986
14049 1544
14049 1709
14049 2031
14049 3400
14049 3508
14049 1288
14049 2754
14049 675
14049 1973
14049 3151
14049 1403
14049 2679
14049 2737
14049 1890
14049 3234
14049 130
14049 2860
14049 2249
14049 2736
14049 1690
14049 1922
14049 71
14049 2373
14049 1054
14049 3249
14049 2248
14049 1607
14049 3149
14049 2941
14049 343
14049 1565
14049 2651
8841 3077
8841 3201
8841 2325
8841 3249
8841 1054
8841 2507
8841 1063
8841 32
8841 2986
8841 3198
8841 3298
8841 2323
8841 2844
8841 2737
8841 1854
8841 1252
8841 1797
8841 1565
8841 1871
8841 3155
8841 1919
8841 2951
8841 2984
8841 2753
8841 1241
8841 2058
8841 3385
8841 3220
8841 1539
8841 3633
8841 2404
8841 2841
8841 2636
8841 3409
8841 795
8841 1297
8841 3311
8841 2551
8841 2916
8841 3459
8841 2865
8841 3293
8841 2939
8841 1413
8841 1091
8841 3302
8841 3458
8841 2079
8841 3055
8841 1114
8841 1288
8841 2326
8841 2616
8841 2806
8841 1792
8841 2549
8841 1072
18569 1407
18569 3553
18569 1943
18569 3503
18569 2361
18569 2255
18569 2864
18569 3055
18569 2460
18569 3551
18569 3552
18569 1266
18569 1415
18569 3147
18569 2360
18569 3542
18569 1258
18569 3220
18569 1265
18569 3376
18569 3384
18569 3508
18569 1067
18569 2756
18569 3558
18569 3260
18569 3293
18569 2325
18569 1973
18569 2679
18569 2031
18569 3400
18569 2251
18569 3382
18569 2736
18569 2769
18569 3498
18569 2867
18569 2753
18569 2012
18569 1690
18569 1459
18569 2406
18569 1467
18569 3555
18569 1641
18569 2363
18569 2752
18569 2785
18569 1301
18569 1458
18569 3223
18569 795
18569 3039
18569 2651
18569 2413
18569 3298
18569 2503
10249 2768
10249 895
10249 1252
10249 3149
10249 944
10249 2636
10249 1673
10249 2817
10249 3155
10249 2865
10249 3594
10249 3502
10249 2001
10249 1298
10249 3220
10249 50
10249 943
10249 1265
10249 1539
10249 2806
10249 1679
10249 2549
10249 3508
10249 3080
10249 3146
10249 1297
10249 1067
10249 2706
10249 2798
10249 3507
10249 1347
10249 1091
10249 2878
10249 32
10249 2986
10249 1427
10249 1288
10249 1090
10249 2365
10249 130
10249 848
10249 3249
10249 1923
10249 840
10249 1410
10249 1344
10249 2984
10249 863
10249 2753
10249 2786
10249 3487
10249 1301
19133 1851
19133 2413
19133 2753
19133 2786
19133 2363
19133 3512
19133 3298
19133 3041
19133 3503
19133 3198
19133 3486
19133 3148
19133 2362
19133 1114
19133 2296
19133 1973
19133 2460
19133 3055
19133 2651
19133 3552
19133 1427
19133 2551
19133 2361
19133 1980
19133 2939
19133 1467
19133 1063
19133 1559
19133 2360
19133 3220
19133 3625
19133 3459
19133 3558
19133 2864
19133 2740
19133 2806
19133 1301
19133 3302
19133 1243
19133 1673
19133 2549
19133 2359
19133 3260
19133 3293
19133 2756
19133 3409
19133 2342
19133 3507
19133 1415
19133 2010
19133 1960
19133 2861
19133 3606
19133 1539
19133 1067
19133 2406
19133 2803
19133 2679
19133 1265
11820 3558
11820 3186
11820 1718
11820 2846
11820 3385
11820 2087
11820 2830
11820 2079
11820 3303
11820 1332
11820 3196
11820 2551
11820 1134
11820 2001
11820 2699
11820 3552
11820 3403
11820 1407
11820 3055
11820 3039
11820 3553
11820 969
11820 3512
11820 2651
11820 3446
11820 1252
11820 2784
11820 1459
11820 3108
11820 2091
11820 2636
11820 2785
11820 814
11820 1641
11820 2365
11820 2736
11820 3506
11820 1287
11820 2068
11820 840
11820 3482
11820 1114
11820 2031
11820 2342
11820 2251
11820 2218
11820 32
11820 3293
11820 1792
11820 90
11820 2359
11820 3069
12538 1950
12538 1264
12538 3303
12538 2253
12538 1985
12538 2939
12538 2862
12538 56
12538 2211
12538 1265
12538 3385
12538 2406
12538 3150
12538 2414
12538 840
12538 2929
12538 3069
12538 1410
12538 3383
12538 2612
12538 2860
12538 3507
12538 3554
12538 2031
12538 2752
12538 3066
12538 2365
12538 2431
12538 1427
12538 1524
12538 1683
12538 2753
12538 2951
12538 2866
12538 45
12538 820
12538 2758
12538 1227
12538 3312
12538 2534
12538 3080
12538 3146
12538 2806
12538 2651
12538 1686
12538 1984
12538 2822
12538 3186
12538 3403
12538 2830
12538 3194
12538 1539
18738 3293
18738 1072
18738 1266
18738 2503
18738 2736
18738 3223
18738 1792
18738 1980
18738 1407
18738 1607
18738 1871
18738 2756
18738 3055
18738 1410
18738 1973
18738 1202
18738 3446
18738 3384
18738 2460
18738 3376
18738 3508
18738 3298
18738 1467
18738 2568
18738 2867
18738 3148
18738 3385
18738 1459
18738 2360
18738 2251
18738 3633
18738 3382
18738 2361
18738 2679
18738 2345
18738 3552
18738 2012
18738 3507
18738 2031
18738 3551
18738 3147
18738 2359
18738 2784
18738 1943
18738 3038
18738 3558
18738 1498
18738 1067
18738 2255
18738 2325
18738 2651
18738 2785
18738 2917
18738 795
18738 3400
18738 1641
18738 3039
18752 2864
18752 2740
18752 2769
18752 2360
18752 2406
18752 3148
18752 1673
18752 2460
18752 2361
18752 3384
18752 3298
18752 2679
18752 3508
18752 3376
18752 1557
18752 3446
18752 1690
18752 3385
18752 1467
18752 2756
18752 1459
18752 3220
18752 2867
18752 1980
18752 1265
18752 2363
18752 1258
18752 1427
18752 3503
18752 3400
18752 2736
18752 2010
18752 1266
18752 1973
18752 3486
18752 1407
18752 3558
18752 1607
18752 3302
18752 3409
18752 3293
18752 3039
18752 1641
18752 795
18752 2651
18752 2404
18752 1067
18752 2325
18752 3498
18752 3403
18752 3147
18752 3506
18752 3551
18752 2753
18752 2359
18752 2031
18752 3382
12610 2649
12610 3103
12610 3298
12610 1792
12610 1091
12610 3293
12610 2787
12610 3446
12610 2507
12610 1286
12610 2413
12610 2845
12610 1134
12610 3505
12610 2636
12610 3196
12610 1459
12610 3452
12610 2785
12610 1266
12610 1559
12610 2360
12610 2753
12610 3445
12610 2279
12610 2909
12610 2568
12610 1227
12610 2361
12610 3055
12610 1512
12610 2255
12610 2551
12610 1243
12610 1367
12610 2024
12610 1718
12610 3385
12610 85
12610 2387
12610 3509
12610 969
12610 3039
12610 3633
12610 795
12610 2899
12610 1554
12610 2491
12610 2723
12610 3382
12610 1415
12610 46
12610 2846
12610 1204
12610 3506
12610 1233
12610 1114
12610 1511
18785 1265
18785 795
18785 2325
18785 3298
18785 3503
18785 3223
18785 3553
18785 2031
18785 2406
18785 2951
18785 2679
18785 1973
18785 2753
18785 3552
18785 3147
18785 2413
18785 3551
18785 2363
18785 2736
18785 2769
18785 1467
18785 2752
18785 2785
18785 1459
18785 2503
18785 2255
18785 2867
18785 1641
18785 3542
18785 2012
18785 1690
18785 3220
18785 3039
18785 3558
18785 2651
18785 3384
18785 1301
18785 2460
18785 2361
18785 3055
18785 3508
18785 3376
18785 3260
18785 3293
18785 3400
18785 1407
18785 2360
18785 3498
18785 1415
18785 1258
18785 2864
18785 1266
18785 3382
18785 1067
18785 1943
18785 3555
18785 2251
18785 2756
15960 2686
15960 2620
15960 3149
15960 1129
15960 1253
15960 1565
15960 180
15960 618
15960 922
15960 3487
15960 932
15960 3092
15960 3621
15960 363
15960 3077
15960 1566
15960 1690
15960 3151
15960 290
15960 1683
15960 240
15960 141
15960 1288
15960 2344
15960 711
15960 3342
15960 760
15960 3259
15960 1347
15960 2649
15960 859
15960 3269
15960 1446
15960 249
15960 3186
15960 348
15960 259
15960 1933
15960 209
15960 3359
15960 2536
15960 2800
15960 1258
15960 2709
15960 2833
15960 1539
15960 218
15960 2940
15960 3155
15960 3403
15960 2973
15960 3411
15960 2406
15960 2753
15960 130
15960 1994
15960 2521
15960 262
10545 2841
10545 1973
10545 3298
10545 2031
10545 2817
10545 32
10545 1559
10545 1090
10545 2568
10545 2865
10545 840
10545 1072
10545 574
10545 2404
10545 2460
10545 3452
10545 2345
10545 3633
10545 1550
10545 2012
10545 2773
10545 2360
10545 3552
10545 3146
10545 1607
10545 1871
10545 3293
10545 1301
10545 2756
10545 2549
10545 3508
10545 1664
10545 1407
10545 2986
10545 3558
10545 2325
10545 2679
10545 2844
10545 1539
10545 1241
10545 3400
10545 1266
10545 760
10545 2365
10545 1067
10545 1298
10545 2753
10545 2786
10545 3249
10545 2636
10545 1297
10545 2651
9641 32
9641 890
9641 1263
9641 711
9641 1072
9641 2753
9641 1347
9641 3150
9641 39
9641 2939
9641 2637
9641 3502
9641 3385
9641 3149
9641 899
9641 1427
9641 1288
9641 1063
9641 2841
9641 2938
9641 2806
9641 2643
9641 2549
9641 1342
9641 3186
9641 3155
9641 3148
9641 1683
9641 3069
9641 3038
9641 3403
9641 820
9641 3220
9641 1344
9641 1352
9641 1690
9641 1301
9641 3146
9641 2625
9641 50
9641 1265
9641 1673
9641 3431
9641 1067
9641 2251
9641 1664
9641 348
9641 2786
9641 1943
9641 3007
9641 1298
9641 1337
9641 1539
9641 1973
17587 509
17587 3506
17587 1266
17587 2830
17587 3312
17587 1243
17587 3299
17587 1226
17587 2251
17587 1498
17587 1851
17587 1878
17587 1524
17587 1539
17587 2929
17587 2727
17587 1943
17587 401
17587 3069
17587 1306
17587 510
17587 2253
17587 820
17587 3150
17587 3220
17587 2004
17587 1301
17587 1950
17587 1686
17587 2058
17587 1634
17587 3448
17587 1673
17587 1063
17587 3223
17587 2939
17587 3303
17587 2736
17587 3403
17587 3201
17587 1861
17587 2651
17587 2806
17587 3380
17587 1202
17587 1233
17587 3186
17587 1877
17587 2758
17587 1854
17587 1683
17587 2753
17587 3542
17587 1876
17587 1973
17587 2296
17587 1919
18125 3506
18125 3147
18125 3552
18125 1266
18125 2369
18125 2534
18125 3311
18125 2363
18125 2736
18125 3409
18125 3293
18125 1690
18125 3223
18125 3558
18125 1854
18125 3486
18125 3108
18125 3555
18125 3551
18125 3503
18125 2251
18125 795
18125 2361
18125 1379
18125 3184
18125 3625
18125 1415
18125 2568
18125 3377
18125 3150
18125 2864
18125 2359
18125 3446
18125 3198
18125 3376
18125 3508
18125 2753
18125 1641
18125 3459
18125 2325
18125 2211
18125 3298
18125 3041
18125 3507
18125 2404
18125 2503
18125 2752
18125 2785
18125 3553
18125 3458
18125 2939
18125 2877
18014 2909
18014 3551
18014 2823
18014 2753
18014 2068
18014 3403
18014 3038
18014 1407
18014 2877
18014 1313
18014 3055
18014 3400
18014 1202
18014 3039
18014 3446
18014 3409
18014 3376
18014 2549
18014 1512
18014 3384
18014 2363
18014 1459
18014 3260
18014 1227
18014 3069
18014 2784
18014 1607
18014 2091
18014 2058
18014 2913
18014 3555
18014 2360
18014 2756
18014 760
18014 3506
18014 2740
18014 814
18014 2361
18014 898
18014 1634
18014 2345
18014 2679
18014 3458
18014 2342
18014 2031
18014 2251
18014 3148
18014 3558
18014 3108
18014 2087
18014 2917
18014 2785
18014 2012
18014 1686
18014 1554
18014 3303
18014 2079
18014 2736
3761 3033
3761 2967
3761 1020
3761 2521
3761 1234
3761 2323
3761 1920
3761 1241
3761 3155
3761 2900
3761 2373
3761 788
3761 2512
3761 929
3761 12
3761 2263
3761 3410
3761 1850
3761 1148
3761 3442
3761 2616
3761 2551
3761 935
3761 1618
3761 3383
3761 1724
3761 1288
3761 868
3761 2301
3761 1511
3761 2483
3761 1138
3761 1007
3761 3077
3761 140
3761 1221
3761 3315
3761 3399
3761 2143
3761 3422
3761 2737
3761 2687
3761 2507
3761 1565
3761 2844
3761 2299
3761 32
3761 461
3761 3190
3761 2894
3761 1954
366 1618
366 3190
366 969
366 3625
366 3606
366 3458
366 2251
366 1459
366 2616
366 2833
366 2507
366 85
366 2406
366 1091
366 3459
366 3385
366 2699
366 3103
366 1511
366 2326
366 3452
366 1640
366 2723
366 3033
366 2901
366 1718
366 1252
366 3410
366 1007
366 3383
366 1850
366 177
366 3116
366 2658
366 2068
366 3
366 2483
366 958
366 1258
366 3505
366 1134
366 3055
366 2279
366 1918
366 2058
366 3184
366 1367
366 1297
366 1690
366 164
366 2551
366 3522
366 1240
366 3616
366 2323
366 1233
366 1823
366 1458
18763 3148
18763 1919
18763 2010
18763 1266
18763 3503
18763 1258
18763 3382
18763 2679
18763 1467
18763 1459
18763 1690
18763 3505
18763 1641
18763 2736
18763 2406
18763 3293
18763 3555
18763 3409
18763 2549
18763 3446
18763 3298
18763 2651
18763 2756
18763 795
18763 3400
18763 3039
18763 1973
18763 2361
18763 2031
18763 2460
18763 3147
18763 3551
18763 1980
18763 1265
18763 3498
18763 1943
18763 2360
18763 1067
18763 3385
18763 3055
18763 3220
18763 2740
18763 2363
18763 2753
18763 3384
18763 1301
18763 3376
18763 3508
18763 2867
18763 3302
18763 1407
18763 1607
18763 3558
18763 2251
18763 2325
11672 2344
11672 2616
11672 90
11672 760
11672 3298
11672 130
11672 1347
11672 3244
11672 1114
11672 899
11672 596
11672 2361
11672 3149
11672 969
11672 1565
11672 3260
11672 32
11672 2251
11672 3080
11672 458
11672 1683
11672 2363
11672 1986
11672 3151
11672 2301
11672 1763
11672 1072
11672 2649
11672 1288
11672 840
11672 2737
11672 50
11672 1407
11672 3302
11672 2994
11672 771
11672 2365
11672 3487
11672 3293
11672 618
11672 2614
11672 3303
11672 2785
11672 3249
11672 3146
11672 601
11672 2296
11672 2900
11672 2706
11672 2768
11672 3077
11672 1852
11672 1332
11672 3155
18164 3260
18164 2785
18164 3446
18164 2359
18164 3041
18164 2917
18164 3299
18164 3105
18164 1673
18164 795
18164 1410
18164 3377
18164 1854
18164 2079
18164 3385
18164 3633
18164 2360
18164 2769
18164 2345
18164 2909
18164 1072
18164 2568
18164 3448
18164 2361
18164 2803
18164 2679
18164 2251
18164 3400
18164 1980
18164 3558
18164 1792
18164 2756
18164 2866
18164 3293
18164 3303
18164 1607
18164 1243
18164 1685
18164 1871
18164 2867
18164 1067
18164 3505
18164 3552
18164 1686
18164 1641
18164 1415
18164 3498
18164 3055
18164 1501
18164 2255
18164 2503
18164 2342
18164 2784
18164 2877
18164 1077
18164 2325
18164 3298
18164 1114
18164 2031
19226 3298
19226 3108
19226 3459
19226 3039
19226 2833
19226 3446
19226 2359
19226 3299
19226 3555
19226 2406
19226 3505
19226 1415
19226 2736
19226 3552
19226 3312
19226 2068
19226 1379
19226 2679
19226 3148
19226 3503
19226 2251
19226 3486
19226 3040
19226 3223
19226 2058
19226 3260
19226 3508
19226 3311
19226 3384
19226 2363
19226 3220
19226 1459
19226 1641
19226 2753
19226 1258
19226 3625
19226 1690
19226 2806
19226 1266
19226 2012
19226 2769
19226 3147
19226 3184
19226 3382
19226 3551
19226 2460
19226 2503
19226 2361
19226 3400
19226 1498
19226 1407
17412 3377
17412 583
17412 2195
17412 3303
17412 343
17412 1922
17412 2369
17412 1683
17412 3402
17412 2939
17412 3147
17412 3403
17412 1544
17412 1709
17412 1114
17412 3297
17412 2404
17412 2031
17412 3272
17412 726
17412 2941
17412 2867
17412 3503
17412 2752
17412 1264
17412 3108
17412 1991
17412 3364
17412 2769
17412 2363
17412 1554
17412 1338
17412 2909
17412 2248
17412 2786
17412 1265
17412 2737
17412 2406
17412 1067
17412 3448
17412 3506
17412 630
17412 2589
17412 1258
17412 2325
17412 3507
17412 3186
17412 3069
17412 3293
17412 3508
17412 1301
17412 1524
17412 2740
17412 2830
17412 2087
17412 1871
17412 2781
17412 3220
17412 1690
11122 1506
11122 2803
11122 1407
11122 2323
11122 2296
11122 2636
11122 2752
11122 1919
11122 1607
11122 2866
11122 3260
11122 820
11122 1241
11122 3403
11122 2753
11122 1415
11122 2859
11122 2758
11122 2841
11122 2938
11122 1851
11122 2651
11122 1067
11122 3633
11122 2551
11122 1090
11122 1297
11122 2939
11122 2865
11122 2079
11122 1054
11122 1091
11122 1511
11122 3512
11122 2004
11122 2986
11122 2804
11122 2549
11122 32
11122 3069
11122 2844
11122 3201
11122 3298
11122 3108
11122 2987
11122 1252
11122 1683
11122 2325
11122 848
11122 3249
11122 1416
11122 2984
11122 1063
11122 1622
11122 2786
11476 2651
11476 2814
11476 2574
11476 3185
11476 3558
11476 2737
11476 2768
11476 3403
11476 2551
11476 1233
11476 2753
11476 32
11476 1769
11476 1288
11476 3606
11476 2816
11476 840
11476 3033
11476 1607
11476 3528
11476 1459
11476 3303
11476 2902
11476 3249
11476 1297
11476 2817
11476 3382
11476 1678
11476 1266
11476 3103
11476 2577
11476 143
11476 1407
11476 2360
11476 1679
11476 3220
11476 2865
11476 2787
11476 276
11476 2143
11476 400
11476 3298
11476 1641
11476 3190
11476 890
11476 3594
11476 1007
11476 2323
11476 215
11476 860
11476 3261
11476 1091
11476 3502
11476 2031
11476 2363
11476 3293
11476 1690
11476 1372
18754 3400
18754 1407
18754 2010
18754 2736
18754 3298
18754 1607
18754 1673
18754 1067
18754 3293
18754 3446
18754 1557
18754 2679
18754 2404
18754 1265
18754 2325
18754 795
18754 3409
18754 2363
18754 1980
18754 3503
18754 1943
18754 2867
18754 2031
18754 2360
18754 3486
18754 2753
18754 2740
18754 3302
18754 1973
18754 2769
18754 3558
18754 2361
18754 2460
18754 3384
18754 3508
18754 1641
18754 2503
18754 1467
18754 3220
18754 3385
18754 1258
18754 1459
18754 1690
18754 2651
18754 3147
18754 3039
18754 3498
18754 1266
18754 2359
18754 2756
18754 3382
18754 3551
18754 1427
18754 2406
17489 2266
17489 1117
17489 2688
17489 3392
17489 1322
17489 983
17489 2506
17489 1884
17489 3151
17489 1388
17489 1965
17489 2959
17489 2288
17489 3619
17489 1693
17489 1716
17489 586
17489 2667
17489 377
17489 2577
17489 558
17489 585
17489 3594
17489 1734
17489 534
17489 798
17489 492
17489 1772
17489 3528
17489 3412
17489 762
17489 2832
17489 1566
17489 3186
17489 2649
17489 2320
17489 1054
17489 2757
17489 1565
17489 3127
17489 3080
17489 3383
17489 1383
17489 2574
17489 896
17489 400
17489 350
17489 2853
17489 2728
17489 3606
17489 1614
17489 2500
17489 2310
17489 1463
17489 2860
17489 1951
17489 786
17489 3408
19196 3552
19196 2784
19196 2031
19196 3382
19196 2777
19196 3040
19196 2909
19196 2079
19196 2917
19196 3260
19196 2460
19196 3384
19196 3376
19196 3446
19196 2251
19196 2359
19196 3633
19196 3299
19196 3400
19196 3385
19196 2360
19196 1607
19196 1498
19196 1980
19196 1459
19196 2679
19196 2345
19196 3192
19196 1243
19196 2361
19196 1072
19196 2012
19196 3542
19196 2362
19196 3108
19196 1407
19196 3038
19196 3069
19196 3558
19196 3403
19196 1943
19196 1415
19196 3512
19196 3551
19196 2867
19196 2068
19196 3148
19196 3186
19196 2255
19196 2363
19196 3303
19196 2736
19196 3039
19196 3458
19196 3055
19196 3505
18852 1407
18852 2758
18852 3069
18852 2867
18852 2929
18852 3186
18852 2549
18852 1539
18852 1524
18852 3512
18852 2736
18852 2806
18852 2651
18852 3403
18852 2938
18852 3303
18852 795
18852 3311
18852 3312
18852 1067
18852 2939
18852 2078
18852 2830
18852 3220
18852 1690
18852 1091
18852 3498
18852 2753
18852 820
18852 1417
18852 1683
18852 2031
18852 3150
18852 1877
18852 3508
18852 1264
18852 3041
18852 2841
18852 1792
18852 1459
18852 3385
18852 2679
18852 1063
18852 2834
18852 2406
18852 3400
18852 1607
18852 3409
18852 1686
18852 3448
18852 1973
18852 2058
18852 3542
18852 1647
18852 1943
19051 1459
19051 3105
19051 1683
19051 3458
19051 1063
19051 2830
19051 1791
19051 1690
19051 1524
19051 1458
19051 2806
19051 3039
19051 2345
19051 2012
19051 1608
19051 2004
19051 1973
19051 3220
19051 2031
19051 3553
19051 3038
19051 3312
19051 2534
19051 1410
19051 2769
19051 2091
19051 3552
19051 2909
19051 2296
19051 2784
19051 3299
19051 2951
19051 3555
19051 2877
19051 1943
19051 2058
19051 1512
19051 1686
19051 1950
19051 1407
19051 2929
19051 1673
19051 3184
19051 3448
19051 2406
19051 2068
19051 1607
19051 3498
19051 3382
19051 2211
19051 3625
19051 1301
19051 3459
19051 1641
19051 3311
19051 820
19053 3506
19053 2651
19053 3312
19053 2806
19053 1641
19053 3552
19053 3459
19053 1114
19053 2736
19053 3069
19053 3038
19053 1943
19053 2867
19053 3148
19053 3551
19053 3458
19053 1524
19053 3303
19053 1950
19053 1539
19053 3194
19053 3403
19053 3186
19053 2091
19053 1686
19053 1306
19053 3542
19053 2431
19053 2253
19053 2841
19053 1413
19053 1227
19053 1498
19053 2740
19053 1854
19053 1792
19053 1459
19053 1226
19053 2251
19053 1683
19053 3446
19053 1427
19053 820
19053 2568
19053 3376
19053 1264
19053 1202
19053 2031
19053 1690
19053 2916
19053 2211
19053 1410
19053 2830
19053 3055
19053 1673
6025 3027
6025 1338
6025 464
6025 2953
6025 2498
6025 3026
6025 1337
6025 1403
6025 380
6025 2638
6025 3420
6025 3396
6025 1544
6025 2992
6025 3025
6025 744
6025 1345
6025 726
6025 1054
6025 2248
6025 2933
6025 3195
6025 2941
6025 510
6025 80
6025 2742
6025 1831
6025 2379
6025 278
6025 3417
6025 1532
6025 509
6025 633
6025 1483
6025 21
6025 2162
6025 2378
6025 343
6025 1341
6025 3599
6025 1465
6025 873
6025 913
6025 3581
6025 1084
6025 2781
6025 1060
6025 2367
6025 2491
6025 2831
6025 3399
6025 1339
6025 382
6025 630
6025 2614
6025 919
17777 3403
17777 3498
17777 3312
17777 1792
17777 2786
17777 1266
17777 1877
17777 2211
17777 2830
17777 2863
17777 3542
17777 1683
17777 2296
17777 1861
17777 2651
17777 1265
17777 1410
17777 3194
17777 3303
17777 3380
17777 3186
17777 2916
17777 1264
17777 1854
17777 1114
17777 1673
17777 2758
17777 1044
17777 2534
17777 2253
17777 2806
17777 1146
17777 2951
17777 2091
17777 3069
17777 3377
17777 2556
17777 3315
17777 1539
17777 1950
17777 2431
17777 820
17777 1297
17777 1686
17777 509
17777 1524
17777 1376
17777 1982
17777 1640
17777 2406
17777 1226
8966 3249
8966 2867
8966 2503
8966 2255
8966 1265
8966 1054
8966 2756
8966 1241
8966 2360
8966 2786
8966 2031
8966 3400
8966 2865
8966 2406
8966 2679
8966 3384
8966 2568
8966 3508
8966 3293
8966 3260
8966 2345
8966 795
8966 431
8966 1301
8966 2817
8966 2784
8966 1252
8966 1091
8966 2404
8966 1943
8966 3506
8966 3452
8966 1067
8966 2636
8966 32
8966 3498
8966 3552
8966 1266
8966 760
8966 1539
8966 1258
8966 1072
8966 1973
8966 2753
8966 1407
8966 2844
8966 2551
8966 2651
8966 3558
8966 1297
8966 2279
8966 1607
8966 969
8966 1467
14734 2864
14734 3298
14734 2031
14734 431
14734 756
14734 1301
14734 1144
14734 1640
14734 563
14734 3377
14734 1648
14734 538
14734 2870
14734 3220
14734 2841
14734 1641
14734 2359
14734 2186
14734 2004
14734 2334
14734 2892
14734 3452
14734 3547
14734 2045
14734 2636
14734 445
14734 1964
14734 2901
14734 1304
14734 3170
14734 1326
14734 3186
14734 2010
14734 1973
14734 760
14734 1367
14734 1297
14734 2532
14734 1871
14734 2877
14734 2650
14734 3270
14734 2325
14734 1063
14734 85
14734 3403
14734 3039
14734 2651
14734 3147
14734 2363
14734 2549
14734 3448
14734 3184
14734 2867
14734 1332
14734 3551
14734 1690
14734 2344
14734 3069
18594 3400
18594 3039
18594 1467
18594 2651
18594 2503
18594 1607
18594 3385
18594 1459
18594 3055
18594 2740
18594 2360
18594 3498
18594 1258
18594 2756
18594 1301
18594 3382
18594 2361
18594 3409
18594 3293
18594 1266
18594 1407
18594 1943
18594 3446
18594 3298
18594 795
18594 1067
18594 2549
18594 3148
18594 2406
18594 2251
18594 1980
18594 2736
18594 2325
18594 3505
18594 1265
18594 2031
18594 3552
18594 2679
18594 2012
18594 1973
18594 1690
18594 3503
18594 2753
18594 3220
18594 2413
18594 3558
18594 3147
18594 2867
18594 1641
18594 3384
18594 3551
18594 3302
18594 2363
18594 2460
18594 2010
18594 3508
13838 139
13838 3249
13838 1890
13838 726
13838 2834
13838 1054
13838 3155
13838 711
13838 2773
13838 1742
13838 2781
13838 1332
13838 1826
13838 662
13838 1091
13838 1403
13838 1099
13838 1347
13838 2986
13838 1136
13838 59
13838 3487
13838 630
13838 1053
13838 3080
13838 1942
13838 2987
13838 2248
13838 2087
13838 763
13838 1506
13838 3151
13838 2941
13838 1134
13838 1819
13838 2612
13838 2249
13838 1709
13838 1544
13838 760
13838 71
13838 1833
13838 675
13838 1731
13838 2737
13838 863
13838 3628
13838 1288
13838 130
13838 343
13838 3186
13838 3149
13838 3629
13838 1922
13838 2152
13838 2365
13838 1528
13838 3146
14083 2365
14083 71
14083 630
14083 2781
14083 2834
14083 1367
14083 1922
14083 2737
14083 916
14083 1506
14083 1709
14083 3249
14083 3583
14083 1134
14083 2845
14083 1731
14083 1288
14083 3155
14083 177
14083 1136
14083 3629
14083 3594
14083 2087
14083 2941
14083 1544
14083 1819
14083 2987
14083 1221
14083 1826
14083 1718
14083 840
14083 1403
14083 3628
14083 1640
14083 1942
14083 2986
14083 1332
14083 3452
14083 2846
14083 1053
14083 2248
14083 1091
14083 726
14083 1099
14083 1890
14083 85
14083 675
14083 2636
14083 3606
14083 760
14083 1233
14083 3151
14083 1742
14083 343
14083 2773
14083 1054
14083 3080
10255 943
10255 2865
10255 1252
10255 2636
10255 2752
10255 3508
10255 3151
10255 2817
10255 2706
10255 2768
10255 2786
10255 1298
10255 3080
10255 840
10255 50
10255 1673
10255 3220
10255 848
10255 1565
10255 1301
10255 3502
10255 2549
10255 3487
10255 1090
10255 3303
10255 1265
10255 2001
10255 3249
10255 1427
10255 1264
10255 938
10255 2365
10255 3155
10255 1241
10255 2984
10255 2736
10255 2806
10255 3507
10255 3146
10255 2987
10255 1297
10255 2844
10255 130
10255 3149
10255 1622
10255 1288
10255 2986
10255 2753
10255 32
10255 1067
10255 2909
10255 1539
10438 32
10438 1640
10438 1814
10438 3616
10438 1347
10438 3033
10438 1091
10438 1203
10438 2323
10438 215
10438 790
10438 848
10438 3394
10438 1406
10438 840
10438 2948
10438 2816
10438 2551
10438 2072
10438 2791
10438 2986
10438 1850
10438 3606
10438 1647
10438 2577
10438 2048
10438 1726
10438 709
10438 2139
10438 1718
10438 2846
10438 2987
10438 681
10438 400
10438 276
10438 3599
10438 2723
10438 760
10438 2326
10438 359
10438 2984
10438 3604
10438 2087
10438 3249
10438 2844
10438 1679
10438 2902
10438 2737
10438 3605
10438 1233
10438 2365
10438 2845
10438 3594
10438 1288
10438 3528
10438 2507
10438 2143
10438 1090
6272 1923
6272 2984
6272 3594
6272 1320
6272 1742
6272 3452
6272 760
6272 2472
6272 2257
6272 2373
6272 1090
6272 1024
6272 1288
6272 2737
6272 3116
6272 1017
6272 2233
6272 2986
6272 332
6272 1718
6272 1091
6272 1347
6272 464
6272 2507
6272 605
6272 2143
6272 3249
6272 540
6272 2846
6272 2087
6272 1134
6272 2814
6272 971
6272 2831
6272 1647
6272 2773
6272 1365
6272 1332
6272 2782
6272 2972
6272 21
6272 2832
6272 1252
6272 2551
6272 1466
6272 700
6272 2636
6272 32
6272 2494
6272 2851
6272 1054
17672 3038
17672 437
17672 3508
17672 1540
17672 1265
17672 3551
17672 3625
17672 2817
17672 3039
17672 1067
17672 1266
17672 2865
17672 3311
17672 2503
17672 3196
17672 3223
17672 2636
17672 1690
17672 2012
17672 2753
17672 2909
17672 2345
17672 2296
17672 3553
17672 895
17672 2404
17672 1458
17672 2785
17672 2068
17672 1252
17672 2678
17672 574
17672 1090
17672 3249
17672 1459
17672 3505
17672 2325
17672 2829
17672 2984
17672 3555
17672 1297
17672 3458
17672 2406
17672 3409
17672 3342
17672 1686
17672 3293
17672 3382
17672 2773
17672 2870
17672 1709
17672 1403
17672 3498
17672 1563
17672 1264
17672 2986
17672 2369
17672 1622
17672 3221
17847 2939
17847 2791
17847 2756
17847 3394
17847 1539
17847 2503
17847 3383
17847 2737
17847 3507
17847 3542
17847 3552
17847 795
17847 2651
17847 3234
17847 2806
17847 1301
17847 3506
17847 2068
17847 1673
17847 2404
17847 2373
17847 681
17847 3299
17847 2753
17847 1265
17847 820
17847 2830
17847 3508
17847 3298
17847 3503
17847 2846
17847 2406
17847 2752
17847 2251
17847 3059
17847 1407
17847 2803
17847 3220
17847 1683
17847 2864
17847 1973
17847 1406
17847 3293
17847 1690
17847 2568
17847 3400
17847 3223
17847 3069
17847 1067
17847 3486
17847 1266
17847 596
17847 3403
17847 1641
17847 3558
17847 3147
17847 2877
17847 1524
17847 3186
19064 1950
19064 2777
19064 1524
19064 2785
19064 2909
19064 3105
19064 1067
19064 3299
19064 2414
19064 3633
19064 1417
19064 1634
19064 2864
19064 1673
19064 2841
19064 3223
19064 1557
19064 3448
19064 1410
19064 3542
19064 820
19064 3302
19064 1063
19064 1683
19064 3148
19064 3303
19064 3551
19064 1792
19064 1854
19064 2867
19064 2929
19064 3311
19064 2255
19064 2503
19064 2325
19064 3038
19064 3069
19064 1072
19064 1227
19064 2651
19064 2806
19064 1243
19064 2822
19064 2342
19064 3344
19064 2784
19064 2877
19064 2079
19064 3040
19064 3298
19064 1415
19064 2004
8760 3288
8760 2658
8760 1288
8760 1823
8760 2279
8760 1091
8760 1618
8760 31
8760 2616
8760 814
8760 3413
8760 2551
8760 264
8760 3452
8760 90
8760 164
8760 32
8760 2900
8760 2323
8760 3033
8760 2901
8760 999
8760 2580
8760 1718
8760 941
8760 1284
8760 3482
8760 85
8760 2143
8760 969
8760 2860
8760 760
8760 1134
8760 1630
8760 2299
8760 2845
8760 3103
8760 3580
8760 1332
8760 2365
8760 2687
8760 1565
8760 2699
8760 2846
8760 1852
8760 897
8760 1054
8760 2649
8760 2723
8760 177
8760 2483
8760 1640
8760 1222
8760 3280
19174 1854
19174 3108
19174 3302
19174 3400
19174 3505
19174 1459
19174 3311
19174 3409
19174 3303
19174 3184
19174 3293
19174 2867
19174 3069
19174 3344
19174 2864
19174 3503
19174 1673
19174 2361
19174 1077
19174 3198
19174 2345
19174 3508
19174 2830
19174 2803
19174 3298
19174 1415
19174 1943
19174 2404
19174 2342
19174 1067
19174 2359
19174 3506
19174 3625
19174 3038
19174 2784
19174 1243
19174 1792
19174 3552
19174 3459
19174 2325
19174 3542
19174 3039
19174 2651
19174 2785
19174 2503
19174 3553
19174 1607
19174 2736
19174 3551
19174 1690
19174 3403
19174 3186
10067 840
10067 848
10067 1288
10067 2737
10067 2625
10067 1337
10067 2844
10067 938
10067 3482
10067 2649
10067 2984
10067 3155
10067 1241
10067 32
10067 2326
10067 883
10067 3146
10067 2706
10067 2987
10067 1298
10067 3149
10067 2986
10067 1565
10067 2551
10067 3487
10067 50
10067 2865
10067 2344
10067 2505
10067 3077
10067 1287
10067 1506
10067 2207
10067 760
10067 3151
10067 2616
10067 863
10067 1332
10067 2636
10067 2768
10067 118
10067 2900
10067 1091
10067 1054
10067 3249
10067 1252
10067 1347
10067 130
10067 1297
10067 1896
4399 2411
4399 2936
4399 1647
4399 3606
4399 1622
4399 3460
4399 2402
4399 3258
4399 848
4399 1443
4399 1815
4399 3220
4399 149
4399 699
4399 3418
4399 1996
4399 2666
4399 558
4399 3508
4399 1091
4399 156
4399 2214
4399 3528
4399 3503
4399 354
4399 193
4399 2457
4399 3420
4399 1090
4399 2498
4399 1858
4399 3594
4399 1022
4399 869
4399 150
4399 1233
4399 1117
4399 786
4399 2984
4399 1819
4399 29
4399 2971
4399 3604
4399 1454
4399 1620
4399 276
4399 2987
4399 1921
4399 2235
4399 780
4399 1826
4399 3044
4399 131
4399 2978
4399 15
4399 2986
4399 3185
4399 1660
4399 3259
8108 711
8108 50
8108 215
8108 2737
8108 2365
8108 1090
8108 1288
8108 3149
8108 3487
8108 943
8108 1297
8108 1091
8108 944
8108 2986
8108 3249
8108 2574
8108 143
8108 1298
8108 2987
8108 1679
8108 2806
8108 276
8108 1266
8108 2798
8108 863
8108 29
8108 359
8108 3127
8108 2865
8108 492
8108 848
8108 840
8108 1921
8108 130
8108 3220
8108 2817
8108 3146
8108 3080
8108 2636
8108 2768
8108 32
8108 1063
8108 131
8108 1815
8108 3155
8108 1344
8108 3594
8108 1923
8108 2753
8108 2984
19094 2568
19094 2012
19094 3220
19094 1077
19094 3298
19094 1641
19094 3384
19094 1943
19094 3148
19094 3376
19094 2460
19094 3508
19094 2740
19094 2406
19094 2752
19094 2360
19094 1607
19094 2679
19094 2345
19094 3552
19094 1980
19094 2753
19094 2784
19094 2361
19094 1266
19094 3382
19094 3506
19094 1690
19094 2769
19094 2909
19094 2373
19094 1054
19094 3147
19094 1973
19094 1407
19094 3038
19094 2413
19094 3558
19094 2651
19094 3400
19094 2255
19094 3303
19094 1458
19094 3039
19094 1673
19094 2756
19094 1265
19094 2325
19094 1459
19094 3293
19094 2031
19168 3508
19168 3376
19168 3260
19168 1641
19168 3385
19168 2917
19168 1467
19168 1459
19168 3552
19168 2867
19168 1980
19168 2363
19168 2031
19168 3503
19168 2736
19168 2406
19168 1973
19168 2756
19168 2986
19168 3298
19168 2679
19168 1415
19168 3400
19168 3446
19168 2987
19168 2568
19168 1067
19168 1622
19168 2460
19168 1607
19168 1258
19168 3409
19168 3293
19168 3039
19168 3382
19168 2651
19168 2503
19168 2255
19168 1301
19168 1266
19168 2806
19168 2360
19168 1690
19168 2752
19168 1407
19168 3558
19168 3147
19168 2361
19168 3384
19168 2951
19168 2753
15146 2758
15146 1797
15146 2325
15146 3542
15146 1306
15146 1067
15146 2004
15146 2651
15146 2928
15146 1641
15146 2549
15146 3192
15146 3448
15146 3147
15146 3201
15146 1539
15146 2756
15146 3069
15146 3403
15146 760
15146 1919
15146 2616
15146 1792
15146 2431
15146 2951
15146 85
15146 1227
15146 1054
15146 1063
15146 3220
15146 1459
15146 2568
15146 820
15146 2342
15146 3299
15146 2251
15146 2326
15146 2507
15146 2862
15146 3477
15146 2211
15146 1634
15146 2248
15146 1255
15146 1985
15146 1791
15146 3148
15146 2909
15146 3186
15146 2031
15146 1565
15146 3558
18231 2345
18231 2753
18231 3508
18231 3384
18231 3260
18231 3298
18231 2361
18231 2769
18231 3503
18231 3376
18231 3446
18231 2031
18231 2406
18231 2012
18231 2360
18231 2679
18231 3220
18231 795
18231 2786
18231 1301
18231 2460
18231 3293
18231 2363
18231 3223
18231 2568
18231 3400
18231 2751
18231 1459
18231 2867
18231 3558
18231 3551
18231 1427
18231 3147
18231 1410
18231 3553
18231 1407
18231 3555
18231 2503
18231 2255
18231 1973
18231 2325
18231 3498
18231 1690
18231 3039
18231 3552
18231 1980
18231 2736
18231 2806
18231 3506
18231 3382
18231 1266
18231 1607
18231 1067
18231 2068
18231 2785
18231 3148
18231 1641
18231 2296
18233 2031
18233 3446
18233 2736
18233 2769
18233 3148
18233 3503
18233 3041
18233 3147
18233 1072
18233 2867
18233 2091
18233 1641
18233 3403
18233 3552
18233 2413
18233 1690
18233 2363
18233 3551
18233 2651
18233 2012
18233 1459
18233 2404
18233 2503
18233 3220
18233 3039
18233 3385
18233 3542
18233 3459
18233 3055
18233 1301
18233 3558
18233 3376
18233 3409
18233 3293
18233 3384
18233 3508
18233 2361
18233 2740
18233 2460
18233 3400
18233 1407
18233 2079
18233 1258
18233 1415
18233 2360
18233 1067
18233 3506
18233 2359
18233 795
18233 2325
18233 3298
18233 2679
18233 3223
14176 2832
14176 3080
14176 1731
14176 139
14176 763
14176 2477
14176 2248
14176 1054
14176 1922
14176 2814
14176 1532
14176 3155
14176 2249
14176 2834
14176 683
14176 1136
14176 675
14176 916
14176 726
14176 1544
14176 3331
14176 3149
14176 711
14176 1099
14176 2742
14176 1091
14176 3487
14176 2941
14176 1890
14176 1999
14176 1925
14176 670
14176 1403
14176 1833
14176 662
14176 3151
14176 1709
14176 760
14176 3415
14176 1942
14176 3628
14176 1826
14176 393
14176 3086
14176 1214
14176 1819
14176 2737
14176 71
14176 3629
14176 343
14176 2781
14176 386
14176 2773
14176 130
14176 630
12510 3633
12510 754
12510 3506
12510 1554
12510 1686
12510 1072
12510 1835
12510 218
12510 3151
12510 78
12510 2079
12510 879
12510 3062
12510 2806
12510 2249
12510 2620
12510 3186
12510 2365
12510 760
12510 3359
12510 141
12510 876
12510 736
12510 2440
12510 2003
12510 130
12510 3149
12510 1227
12510 209
12510 2651
12510 1054
12510 1933
12510 2589
12510 1063
12510 3155
12510 1566
12510 3621
12510 90
12510 2323
12510 2058
12510 2277
12510 556
12510 750
12510 1287
12510 759
12510 45
12510 1836
12510 2649
12510 2740
12510 1524
12510 3487
12510 3298
12510 2404
12510 1565
12510 2841
18864 3377
18864 3302
18864 1265
18864 1067
18864 2404
18864 2363
18864 1243
18864 3625
18864 2413
18864 1227
18864 2867
18864 1407
18864 3223
18864 2325
18864 1077
18864 2785
18864 2004
18864 1690
18864 2251
18864 3553
18864 3503
18864 2736
18864 3512
18864 3446
18864 2877
18864 1114
18864 1459
18864 3108
18864 3298
18864 3400
18864 3505
18864 2369
18864 2756
18864 2342
18864 3555
18864 3409
18864 2359
18864 3506
18864 3293
18864 1980
18864 3459
18864 2863
18864 795
18864 2568
18864 2841
18864 3507
18864 2864
18864 3039
18864 2651
18864 2361
18864 2503
18864 3384
18864 3551
18864 3508
18864 3260
18864 1415
18864 1943
18553 2296
18553 2325
18553 1459
18553 1980
18553 1467
18553 3223
18553 2068
18553 2758
18553 3039
18553 3293
18553 1417
18553 1301
18553 3400
18553 2534
18553 2939
18553 2951
18553 2806
18553 2756
18553 3555
18553 2251
18553 3377
18553 3069
18553 1641
18553 3382
18553 2345
18553 1607
18553 2004
18553 2568
18553 795
18553 820
18553 3260
18553 3384
18553 2361
18553 2679
18553 1524
18553 3553
18553 2460
18553 1226
18553 3040
18553 2786
18553 3507
18553 3201
18553 2211
18553 2360
18553 1407
18553 3403
18553 1498
18553 3552
18553 2010
18553 1973
18553 3041
18553 1063
18553 1683
18553 2255
18553 2784
18553 1265
15026 206
15026 2279
15026 969
15026 2821
15026 1332
15026 176
15026 2323
15026 2773
15026 1511
15026 2928
15026 177
15026 1252
15026 1718
15026 1982
15026 3280
15026 3482
15026 120
15026 1539
15026 2616
15026 2406
15026 2344
15026 2903
15026 3452
15026 2334
15026 1134
15026 1367
15026 2442
15026 2817
15026 3552
15026 1297
15026 1918
15026 2636
15026 2900
15026 2865
15026 3410
15026 2614
15026 164
15026 2901
15026 2870
15026 2753
15026 1140
15026 3116
15026 2588
15026 3077
15026 2087
15026 1044
15026 1079
15026 85
15026 941
15026 760
15026 2551
18276 2361
18276 3633
18276 3384
18276 1415
18276 2909
18276 2058
18276 1265
18276 3558
18276 2345
18276 3377
18276 3148
18276 3385
18276 2867
18276 2068
18276 2785
18276 2917
18276 3223
18276 1243
18276 2736
18276 2363
18276 2012
18276 1077
18276 1258
18276 3552
18276 2325
18276 1407
18276 2679
18276 2756
18276 2877
18276 2251
18276 1202
18276 3553
18276 3446
18276 3298
18276 1641
18276 2079
18276 1459
18276 1467
18276 3400
18276 3555
18276 2568
18276 2359
18276 3293
18276 3382
18276 2460
18276 1973
18276 795
18276 3039
18276 2031
18276 3542
18276 2360
18276 3551
18276 1943
18276 2255
18276 2503
18276 3260
19030 2867
19030 3038
19030 3385
19030 2360
19030 1943
19030 2651
19030 1265
19030 2345
19030 2740
19030 2806
19030 3039
19030 3293
19030 2361
19030 1072
19030 3382
19030 3506
19030 2756
19030 1608
19030 1980
19030 3298
19030 1690
19030 2031
19030 2012
19030 2068
19030 3148
19030 1973
19030 1458
19030 2406
19030 3069
19030 1641
19030 1459
19030 2736
19030 3552
19030 1673
19030 2752
19030 1266
19030 1607
19030 2679
19030 3147
19030 3220
19030 2753
19030 2784
19030 1407
19030 2413
19030 2769
19030 2909
19030 3186
19030 3260
19030 3384
19030 3558
19030 2363
19030 3376
19030 2460
19030 820
19030 3311
19030 3400
19030 3508
19030 2255
19030 3303
16106 3147
16106 2079
16106 3383
16106 1407
16106 2679
16106 2860
16106 1607
16106 2068
16106 3392
16106 3446
16106 3400
16106 3293
16106 3409
16106 795
16106 3298
16106 2784
16106 2325
16106 135
16106 1943
16106 2867
16106 2251
16106 2917
16106 2363
16106 1973
16106 2938
16106 2909
16106 2413
16106 3552
16106 2031
16106 2360
16106 2832
16106 2373
16106 3148
16106 3038
16106 3553
16106 3376
16106 3508
16106 3055
16106 2361
16106 2460
16106 1690
16106 3384
16106 2651
16106 2012
16106 3558
16106 3039
16106 2345
16106 1641
16106 3220
16106 1459
16106 3542
16106 3385
16106 2756
16106 2359
16106 3382
16106 2736
16106 3234
16106 3551
12404 3293
12404 3303
12404 3069
12404 3505
12404 3046
12404 1067
12404 3403
12404 3506
12404 3147
12404 1851
12404 1686
12404 2342
12404 43
12404 1043
12404 1539
12404 3383
12404 2712
12404 1858
12404 1465
12404 2031
12404 820
12404 2614
12404 3508
12404 1114
12404 3298
12404 795
12404 2830
12404 2651
12404 1791
12404 2406
12404 2785
12404 1410
12404 1557
12404 2590
12404 3220
12404 2909
12404 153
12404 2769
12404 2361
12404 3192
12404 3503
12404 1266
12404 2803
12404 1407
12404 3108
12404 118
12404 3269
12404 1973
12404 2841
12404 1919
12404 3512
12404 3186
12404 2010
2955 85
2955 2507
2955 2771
2955 1007
2955 3190
2955 2687
2955 1854
2955 1234
2955 1995
2955 2323
2955 2616
2955 1954
2955 760
2955 2686
2955 3324
2955 1288
2955 2765
2955 2967
2955 3077
2955 814
2955 3069
2955 1221
2955 1134
2955 868
2955 1415
2955 2263
2955 3410
2955 3248
2955 3103
2955 1719
2955 461
2955 2037
2955 3116
2955 2551
2955 1988
2955 3280
2955 1718
2955 1850
2955 3507
2955 1640
2955 120
2955 3033
2955 935
2955 1618
2955 2373
2955 1020
2955 2901
2955 3452
2955 2483
2955 12
2955 2087
2955 3315
2955 2143
2955 3422
2955 788
2955 2830
8659 1427
8659 3605
8659 709
8659 2004
8659 3547
8659 1410
8659 1406
8659 944
8659 2058
8659 2363
8659 1690
8659 1063
8659 2404
8659 3604
8659 2251
8659 1347
8659 3459
8659 1054
8659 31
8659 1973
8659 3512
8659 3293
8659 1222
8659 2068
8659 2736
8659 2406
8659 3606
8659 1337
8659 3614
8659 1114
8659 2822
8659 3147
8659 3551
8659 3448
8659 3382
8659 3184
8659 3625
8659 3394
8659 3303
8659 2841
8659 3146
8659 3616
8659 1512
8659 3385
8659 3220
8659 3055
8659 3558
8659 2568
8659 3508
8659 3376
8659 385
8659 2460
8659 2361
8659 3594
8659 3503
8659 3148
18753 2325
18753 3039
18753 2651
18753 1690
18753 2363
18753 2736
18753 3409
18753 3293
18753 3400
18753 1673
18753 2867
18753 3486
18753 1067
18753 1641
18753 1557
18753 2345
18753 3298
18753 3384
18753 2361
18753 3508
18753 3446
18753 2756
18753 2406
18753 1943
18753 2360
18753 2679
18753 1407
18753 3498
18753 3220
18753 1258
18753 2012
18753 795
18753 3506
18753 1973
18753 2460
18753 2740
18753 3382
18753 2359
18753 1266
18753 1607
18753 2404
18753 1467
18753 1459
18753 3403
18753 2753
18753 3558
18753 1265
18753 3147
18753 2010
18753 3551
18753 3302
18753 2769
18753 1427
18753 3503
18753 2031
18496 3220
18496 1557
18496 2817
18496 1265
18496 1258
18496 1690
18496 2363
18496 2549
18496 1266
18496 1427
18496 3503
18496 3400
18496 2867
18496 2001
18496 2736
18496 3302
18496 1407
18496 1252
18496 3293
18496 3558
18496 2010
18496 2365
18496 1973
18496 840
18496 3409
18496 1067
18496 1297
18496 1607
18496 3249
18496 1641
18496 2325
18496 2651
18496 3147
18496 3498
18496 3403
18496 2636
18496 795
18496 3196
18496 3506
18496 3551
18496 2326
18496 3382
18496 2360
18496 2406
18496 2753
18496 2740
18496 3298
18496 2031
18496 2460
18496 2361
18496 3384
18496 1673
18496 3508
18496 3446
18496 2679
18496 836
18496 2865
7487 3186
7487 1854
7487 1227
7487 2917
7487 3507
7487 1973
7487 1871
7487 2987
7487 2010
7487 1622
7487 2841
7487 3148
7487 2986
7487 848
7487 2803
7487 1298
7487 3234
7487 1258
7487 29
7487 3220
7487 1539
7487 3555
7487 1301
7487 2549
7487 1067
7487 3223
7487 2786
7487 3293
7487 3069
7487 1091
7487 1921
7487 1673
7487 1640
7487 2866
7487 1427
7487 1090
7487 2255
7487 2295
7487 3448
7487 1683
7487 3403
7487 1265
7487 2758
7487 1410
7487 1634
7487 2079
7487 1063
7487 2806
7487 1690
7487 1566
7487 2984
7487 2753
7487 1243
18191 2296
18191 1690
18191 1266
18191 3459
18191 3552
18191 2078
18191 1243
18191 2361
18191 1067
18191 3506
18191 2786
18191 3625
18191 2360
18191 1415
18191 2091
18191 2864
18191 795
18191 3298
18191 1851
18191 2568
18191 3260
18191 3376
18191 1255
18191 3508
18191 1501
18191 2363
18191 1077
18191 1379
18191 2253
18191 2369
18191 2867
18191 3503
18191 1608
18191 1500
18191 2004
18191 3184
18191 1063
18191 3223
18191 2861
18191 3293
18191 3409
18191 2503
18191 3311
18191 2325
18191 3400
18191 3108
18191 3505
18191 3302
18191 3486
18191 3147
18191 2359
18191 2785
18191 3380
18191 1427
18191 1985
18191 2342
18191 2404
18191 3551
18191 3553
7907 1922
7907 3249
7907 2837
7907 2091
7907 3039
7907 2845
7907 3542
7907 1410
7907 2325
7907 3583
7907 3038
7907 3628
7907 3512
7907 2769
7907 760
7907 2010
7907 3055
7907 2365
7907 3558
7907 2971
7907 1647
7907 1218
7907 2909
7907 343
7907 1819
7907 3553
7907 2785
7907 2941
7907 1258
7907 3382
7907 1506
7907 2636
7907 630
7907 2012
7907 3220
7907 3498
7907 2784
7907 118
7907 1557
7907 2413
7907 2986
7907 2251
7907 1826
7907 3293
7907 1091
7907 2361
7907 2781
7907 1355
7907 29
7907 1403
7907 726
7907 2951
7907 1815
7907 2756
7907 1690
7907 1265
7907 3551
7907 3448
9283 2004
9283 2753
9283 2834
9283 2494
9283 1690
9283 2679
9283 32
9283 1410
9283 3552
9283 1072
9283 2736
9283 2058
9283 3180
9283 1792
9283 2406
9283 2844
9283 3069
9283 2359
9283 2251
9283 3148
9283 3547
9283 1539
9283 1241
9283 3077
9283 1512
9283 3507
9283 2939
9283 1407
9283 2706
9283 2822
9283 3448
9283 2830
9283 2756
9283 2841
9283 3459
9283 2651
9283 2740
9283 3377
9283 2360
9283 2162
9283 3385
9283 1227
9283 1641
9283 3458
9283 2917
9283 3303
9283 1854
9283 1683
9283 3384
9283 3508
9283 1063
9283 3186
9283 2568
9283 3403
9283 1202
18755 2769
18755 2363
18755 3384
18755 3508
18755 2460
18755 3147
18755 3302
18755 3551
18755 2753
18755 3403
18755 3558
18755 1557
18755 3220
18755 1407
18755 2679
18755 2404
18755 1607
18755 1266
18755 3503
18755 2736
18755 1258
18755 1641
18755 2010
18755 1459
18755 2325
18755 2406
18755 3486
18755 1427
18755 2359
18755 3446
18755 1690
18755 1973
18755 3298
18755 2031
18755 2756
18755 3409
18755 2361
18755 3293
18755 3382
18755 3506
18755 2651
18755 2740
18755 2864
18755 795
18755 1265
18755 3039
18755 3625
18755 3498
18755 2360
18755 1067
18755 2867
18755 1943
18755 3400
18309 1265
18309 3376
18309 3508
18309 3384
18309 1067
18309 2361
18309 3558
18309 3260
18309 2752
18309 1973
18309 1415
18309 3039
18309 795
18309 2651
18309 2360
18309 2031
18309 2503
18309 3382
18309 1980
18309 3409
18309 2255
18309 2460
18309 3293
18309 2568
18309 1459
18309 1467
18309 2679
18309 1641
18309 3446
18309 3400
18309 2756
18309 3298
18309 2736
18309 2012
18309 1690
18309 1407
18309 2867
18309 2406
18309 3503
18309 2917
18309 1301
18309 3223
18309 2363
18309 1607
18309 3552
18309 1266
18309 2951
18309 3385
18309 1258
18309 2753
16944 1459
16944 3626
16944 1253
16944 2834
16944 1080
16944 1063
16944 2248
16944 1669
16944 2769
16944 263
16944 1890
16944 2496
16944 3331
16944 462
16944 1709
16944 1973
16944 2031
16944 1216
16944 2762
16944 2867
16944 1943
16944 2779
16944 2010
16944 2670
16944 3094
16944 2860
16944 3067
16944 2325
16944 1067
16944 3392
16944 3059
16944 1389
16944 912
16944 1690
16944 1607
16944 2012
16944 3228
16944 3220
16944 1054
16944 2019
16944 3383
16944 3069
16944 1947
16944 1484
16944 2832
16944 1590
16944 3147
16944 2814
16944 2651
16944 2616
16944 2549
16944 1989
16944 3403
16944 2732
16944 2864
16944 3090
16944 1467
17690 2864
17690 2207
17690 2323
17690 1823
17690 2865
17690 3184
17690 3506
17690 1501
17690 2551
17690 2986
17690 1234
17690 2342
17690 461
17690 2394
17690 1718
17690 1029
17690 2841
17690 1565
17690 1982
17690 3298
17690 3108
17690 868
17690 3293
17690 3446
17690 2268
17690 2359
17690 2326
17690 1067
17690 760
17690 2984
17690 935
17690 3249
17690 3505
17690 3422
17690 1072
17690 1241
17690 2844
17690 1511
17690 1379
17690 449
17690 1954
17690 3553
17690 795
17690 3090
17690 2785
17690 3302
17690 2296
17690 883
17690 2471
17690 1831
17690 2867
17690 1608
17690 1297
17690 1690
17690 2004
17690 3442
17690 3311
17690 2967
17690 1020
18293 2363
18293 3551
18293 2867
18293 1407
18293 3503
18293 1258
18293 1072
18293 1266
18293 2012
18293 2756
18293 3223
18293 2679
18293 3293
18293 2361
18293 1265
18293 3555
18293 3400
18293 2360
18293 3298
18293 3385
18293 2413
18293 2864
18293 2785
18293 2917
18293 1427
18293 3376
18293 3508
18293 2404
18293 3384
18293 3553
18293 2079
18293 2753
18293 3220
18293 2031
18293 2769
18293 1690
18293 1301
18293 3382
18293 3498
18293 3055
18293 1067
18293 2255
18293 2503
18293 1641
18293 2325
18293 3302
18293 2651
18293 795
18293 3147
18293 3558
18293 3039
8107 276
8107 711
8107 2768
8107 2865
8107 2574
8107 2636
8107 1091
8107 1921
8107 131
8107 1063
8107 1090
8107 2817
8107 130
8107 359
8107 3080
8107 3220
8107 1815
8107 32
8107 1923
8107 2365
8107 863
8107 3487
8107 2737
8107 1266
8107 1297
8107 3249
8107 50
8107 943
8107 143
8107 795
8107 2806
8107 1288
8107 3594
8107 492
8107 2798
8107 2984
8107 3155
8107 29
8107 848
8107 2987
8107 3127
8107 840
8107 3146
8107 1679
8107 215
8107 1298
8107 2753
8107 944
8107 2986
8107 1344
8107 3149
9258 1690
9258 1459
9258 2753
9258 1265
9258 2844
9258 2551
9258 3551
9258 1241
9258 3147
9258 2651
9258 2325
9258 2031
9258 2867
9258 3400
9258 3503
9258 3376
9258 3508
9258 2255
9258 1301
9258 3384
9258 3223
9258 2756
9258 2363
9258 3293
9258 2864
9258 3298
9258 2012
9258 1252
9258 3220
9258 2360
9258 3555
9258 2865
9258 2679
9258 1641
9258 3382
9258 3299
9258 1067
9258 2361
9258 3552
9258 3498
9258 795
9258 2817
9258 1407
9258 1258
9258 3342
9258 2768
9258 2326
9258 32
9258 1297
9258 3558
9258 2636
9258 2413
9258 2769
9258 2736
19023 1072
19023 2012
19023 2756
19023 3184
19023 3498
19023 2361
19023 3055
19023 3506
19023 2503
19023 1114
19023 3400
19023 3377
19023 2360
19023 2806
19023 3302
19023 3385
19023 3633
19023 3558
19023 1851
19023 2917
19023 3041
19023 3194
19023 3260
19023 2404
19023 2363
19023 2460
19023 3384
19023 2753
19023 1407
19023 2296
19023 820
19023 1686
19023 1258
19023 1266
19023 3552
19023 1301
19023 1950
19023 2752
19023 3312
19023 1063
19023 2679
19023 3099
19023 2406
19023 2803
19023 3148
19023 2251
19023 3505
19023 3298
19023 3486
19023 2359
19023 1683
19023 2253
19023 1500
16863 574
16863 2841
16863 736
16863 2957
16863 240
16863 268
16863 2391
16863 3634
16863 2646
16863 3069
16863 2867
16863 2832
16863 1980
16863 1072
16863 1243
16863 1595
16863 3303
16863 2463
16863 1253
16863 2059
16863 1067
16863 1420
16863 3186
16863 2939
16863 1539
16863 1524
16863 3512
16863 2736
16863 1415
16863 2651
16863 2058
16863 1077
16863 3259
16863 3542
16863 3403
16863 2798
16863 3173
16863 2860
16863 2031
16863 3312
16863 259
16863 3633
16863 3234
16863 3359
16863 1836
16863 2753
16863 820
16863 3517
16863 2079
16863 355
16863 1683
16863 1063
16863 2373
16863 1264
16863 3446
16863 3298
16863 2458
16863 2973
18756 1407
18756 1973
18756 2325
18756 3148
18756 2010
18756 2404
18756 3508
18756 2651
18756 3039
18756 3376
18756 3446
18756 2359
18756 3298
18756 3384
18756 3220
18756 1607
18756 2740
18756 1067
18756 3385
18756 2360
18756 2769
18756 2406
18756 2864
18756 1641
18756 2753
18756 2460
18756 2361
18756 2679
18756 3486
18756 3503
18756 795
18756 3293
18756 3400
18756 1557
18756 2031
18756 3302
18756 3409
18756 1265
18756 3558
18756 2363
18756 1459
18756 1673
18756 2756
18756 2867
18756 1467
18756 1690
18756 2736
18756 1266
18756 1427
18756 3382
18756 1258
18756 3551
18756 1980
18756 3147
18756 3498
16277 2251
16277 1679
16277 1415
16277 2556
16277 2679
16277 3259
16277 2803
16277 1266
16277 2637
16277 1298
16277 3555
16277 2917
16277 2736
16277 3299
16277 1265
16277 3249
16277 1091
16277 1792
16277 1858
16277 3446
16277 3298
16277 1742
16277 2866
16277 1022
16277 2404
16277 2503
16277 840
16277 848
16277 435
16277 3403
16277 1427
16277 1410
16277 2666
16277 492
16277 1871
16277 1921
16277 3105
16277 2830
16277 3146
16277 153
16277 3069
16277 2359
16277 1260
16277 820
16277 3508
16277 2986
16277 1622
16277 3384
16277 3186
16277 3392
16277 3260
16277 3293
16277 1407
15899 3298
15899 3201
15899 2679
15899 1690
15899 2786
15899 1867
15899 2022
15899 1708
15899 2046
15899 2038
15899 3498
15899 2325
15899 130
15899 3293
15899 2862
15899 3382
15899 1067
15899 2649
15899 3633
15899 1265
15899 3558
15899 3147
15899 3551
15899 3384
15899 2361
15899 2279
15899 3376
15899 795
15899 760
15899 3503
15899 3186
15899 1407
15899 2864
15899 2255
15899 2360
15899 2917
15899 3552
15899 3304
15899 3220
15899 1134
15899 2758
15899 1773
15899 1641
15899 3149
15899 1301
15899 804
15899 2363
15899 2037
15899 2753
15899 1847
15899 3223
15899 820
15899 3148
15899 2866
15899 2769
15899 2404
15899 2958
15899 2296
15899 2031
18812 3293
18812 1301
18812 3184
18812 3223
18812 2361
18812 1077
18812 2758
18812 2362
18812 1877
18812 3108
18812 3542
18812 3302
18812 2867
18812 1063
18812 3512
18812 3551
18812 2363
18812 2255
18812 3039
18812 1685
18812 1980
18812 3055
18812 1608
18812 3505
18812 2877
18812 1072
18812 1243
18812 3552
18812 3382
18812 2784
18812 2909
18812 2079
18812 2342
18812 3553
18812 2296
18812 2785
18812 1415
18812 3041
18812 3625
18812 3260
18812 3298
18812 1067
18812 1851
18812 3376
18812 2786
18812 795
18812 2359
18812 3633
18812 1114
18812 2841
18812 2864
18812 3385
18812 3555
18812 2360
18812 3377
18812 2679
18724 1539
18724 2503
18724 3382
18724 1114
18724 3039
18724 2806
18724 1301
18724 3506
18724 795
18724 2255
18724 2651
18724 1067
18724 3552
18724 1641
18724 2404
18724 3055
18724 3508
18724 2359
18724 3384
18724 2460
18724 3260
18724 1690
18724 2753
18724 2784
18724 2031
18724 2413
18724 3298
18724 3385
18724 2360
18724 2406
18724 2568
18724 2785
18724 1467
18724 3400
18724 1265
18724 2361
18724 3293
18724 1266
18724 2345
18724 2679
18724 2756
18724 1407
18724 1258
18724 1871
18724 1607
18724 1973
18724 2012
18724 2549
18724 3558
18724 2867
18724 1943
18724 2325
11118 836
11118 3146
11118 1297
11118 2798
11118 2844
11118 2984
11118 1647
11118 3155
11118 2737
11118 1241
11118 1923
11118 276
11118 2365
11118 1090
11118 3249
11118 215
11118 1664
11118 3594
11118 1815
11118 2773
11118 2742
11118 1091
11118 944
11118 1347
11118 3502
11118 890
11118 3487
11118 840
11118 1053
11118 3080
11118 848
11118 50
11118 492
11118 2817
11118 1182
11118 1298
11118 431
11118 2768
11118 2636
11118 2574
11118 1679
11118 32
11118 943
11118 2865
11118 118
11118 2986
11118 1288
11118 130
11118 3149
11118 1622
11118 359
11118 1940
11118 863
11118 2987
14881 2551
14881 630
14881 922
14881 675
14881 1403
14881 2914
14881 2737
14881 2658
14881 3151
14881 2781
14881 760
14881 2773
14881 1890
14881 1332
14881 2152
14881 2143
14881 726
14881 1367
14881 1297
14881 1144
14881 1826
14881 2344
14881 1288
14881 2865
14881 1544
14881 1718
14881 343
14881 2248
14881 2901
14881 2616
14881 3452
14881 1134
14881 2334
14881 2087
14881 2636
14881 2941
14881 2846
14881 2723
14881 3117
14881 2001
14881 969
14881 1054
14881 1240
14881 1922
14881 1550
14881 164
14881 1347
14881 3116
14881 85
14881 2365
14881 2279
18327 1301
18327 2753
18327 2068
18327 3553
18327 2410
18327 2736
18327 2769
18327 2917
18327 2079
18327 2413
18327 3552
18327 1114
18327 3625
18327 3382
18327 2359
18327 3555
18327 1690
18327 1467
18327 3220
18327 2568
18327 1459
18327 2345
18327 1607
18327 3508
18327 3260
18327 3293
18327 3298
18327 2679
18327 2361
18327 3376
18327 3446
18327 3223
18327 3400
18327 1973
18327 1202
18327 2864
18327 2360
18327 1498
18327 1407
18327 1943
18327 1415
18327 3551
18327 3147
18327 2867
18327 2363
18327 3039
18327 2012
18327 1641
18327 2503
18327 3303
18327 795
18327 3055
18327 2651
18327 3505
18327 2325
18327 1306
18327 3558
18327 2031
14847 461
14847 2551
14847 774
14847 2901
14847 1954
14847 2616
14847 2967
14847 3280
14847 1238
14847 1020
14847 493
14847 2323
14847 2801
14847 2900
14847 120
14847 1724
14847 1511
14847 635
14847 207
14847 2344
14847 3077
14847 85
14847 3422
14847 1240
14847 3522
14847 3103
14847 1148
14847 1622
14847 3116
14847 2686
14847 935
14847 2985
14847 2662
14847 192
14847 1234
14847 868
14847 2699
14847 958
14847 876
14847 2984
14847 2995
14847 2301
14847 177
14847 3234
14847 2928
14847 929
14847 2987
14847 1134
14847 3410
14847 118
14847 2986
14847 250
15085 1288
15085 1614
15085 2323
15085 2299
15085 3190
15085 1831
15085 2928
15085 1240
15085 124
15085 2143
15085 85
15085 760
15085 1511
15085 3080
15085 2507
15085 2616
15085 3196
15085 3103
15085 969
15085 1332
15085 2483
15085 2887
15085 3203
15085 2087
15085 1007
15085 176
15085 2723
15085 1874
15085 3033
15085 1516
15085 1718
15085 2551
15085 2520
15085 1120
15085 3442
15085 2279
15085 1850
15085 2263
15085 2900
15085 3410
15085 1647
15085 3107
15085 1903
15085 2845
15085 911
15085 1134
15085 1918
15085 2821
15085 118
15085 2230
15085 2191
11472 1622
11472 361
11472 2865
11472 3558
11472 840
11472 1252
11472 2841
11472 3220
11472 1871
11472 1557
11472 2503
11472 3146
11472 1410
11472 2004
11472 1690
11472 3633
11472 32
11472 2817
11472 1427
11472 1063
11472 1030
11472 1980
11472 2636
11472 834
11472 2406
11472 2984
11472 2736
11472 3512
11472 1973
11472 216
11472 2844
11472 1742
11472 431
11472 2803
11472 3298
11472 2679
11472 1091
11472 3249
11472 3216
11472 2251
11472 1265
11472 2342
11472 2986
11472 795
11472 2359
11472 3498
11472 2846
11472 119
11472 2987
11472 2756
11472 1407
11472 1126
11472 3342
11472 2010
11472 880
11472 863
11472 1077
11472 1539
200 2786
200 3260
200 1221
200 3508
200 2058
200 2323
200 1874
200 177
200 2649
200 1851
200 2068
200 1332
200 3192
200 85
200 2844
200 1054
200 1797
200 2541
200 3038
200 3410
200 1410
200 1202
200 1511
200 1791
200 1241
200 2821
200 969
200 3503
200 2334
200 2365
200 2520
200 2551
200 2706
200 2768
200 1287
200 2279
200 2900
200 3147
200 1063
200 2521
200 3482
200 1288
200 2373
200 1266
200 1297
200 2909
200 2699
200 3103
200 3506
200 1134
200 1413
200 3
200 531
200 2723
200 3383
200 2616
200 90
200 2344
200 3150
17976 3303
17976 1067
17976 1877
17976 2373
17976 2265
17976 2769
17976 1622
17976 3312
17976 1243
17976 1673
17976 1797
17976 1410
17976 1557
17976 2251
17976 2406
17976 2340
17976 2786
17976 895
17976 2662
17976 2984
17976 2860
17976 1524
17976 1458
17976 1919
17976 2566
17976 2078
17976 2822
17976 3299
17976 2431
17976 1815
17976 1792
17976 1854
17976 2877
17976 3621
17976 2211
17976 2986
17976 1413
17976 2862
17976 3498
17976 3448
17976 1445
17976 1759
17976 2534
17976 2929
17976 752
17976 3220
17976 802
17976 3542
17976 3507
17976 1686
17976 1264
17976 3383
17976 2058
17976 2814
17976 795
17976 1950
17976 1861
17976 1226
5224 29
5224 215
5224 1114
5224 1557
5224 3458
5224 1854
5224 1264
5224 1263
5224 2866
5224 3298
5224 1458
5224 1091
5224 3220
5224 3282
5224 3105
5224 2834
5224 2929
5224 2214
5224 3080
5224 3299
5224 193
5224 2470
5224 15
5224 1877
5224 1410
5224 1266
5224 3324
5224 3448
5224 2806
5224 3185
5224 1792
5224 2369
5224 848
5224 2939
5224 195
5224 2253
5224 2439
5224 2534
5224 514
5224 3194
5224 2899
5224 1524
5224 820
5224 1686
5224 3216
5224 2296
5224 1022
5224 2986
5224 1298
5224 2280
5224 354
5224 3312
5224 3311
5224 2769
5224 1332
5224 45
5224 2971
5224 3498
16991 1607
16991 3211
16991 2079
16991 2917
16991 3038
16991 3385
16991 2863
16991 3458
16991 1524
16991 1641
16991 2909
16991 3376
16991 3446
16991 2784
16991 2753
16991 1415
16991 1943
16991 2361
16991 1539
16991 2574
16991 2577
16991 2740
16991 2830
16991 2012
16991 2251
16991 2031
16991 3487
16991 2867
16991 1459
16991 3069
16991 820
16991 3303
16991 2253
16991 276
16991 3186
16991 3400
16991 400
16991 1683
16991 3551
16991 3127
16991 1512
16991 3403
16991 1407
16991 2325
16991 2939
16991 1065
16991 3507
16991 3542
16991 1072
16991 1410
16991 2736
16991 3055
16991 2651
16991 1243
16991 1716
16991 1685
16991 3039
4565 3504
4565 2233
4565 2973
4565 675
4565 2439
4565 683
4565 877
4565 46
4565 3325
4565 1767
4565 83
4565 215
4565 1858
4565 29
4565 393
4565 525
4565 1159
4565 2781
4565 2814
4565 1138
4565 1882
4565 2214
4565 1836
4565 2470
4565 726
4565 2586
4565 354
4565 1819
4565 750
4565 2742
4565 283
4565 725
4565 2477
4565 2593
4565 3359
4565 1826
4565 369
4565 1995
4565 670
4565 1949
4565 343
4565 3085
4565 1544
4565 190
4565 2971
4565 15
4565 2941
4565 2995
4565 1079
4565 2821
4565 1091
4565 1029
4565 217
4565 630
4565 1140
9136 256
9136 2787
9136 2986
9136 215
9136 1451
9136 348
9136 32
9136 3249
9136 1297
9136 2816
9136 3359
9136 1247
9136 2938
9136 760
9136 3432
9136 1347
9136 1091
9136 3031
9136 465
9136 1298
9136 2817
9136 50
9136 2865
9136 143
9136 2892
9136 943
9136 2768
9136 1241
9136 2636
9136 737
9136 1679
9136 944
9136 431
9136 1124
9136 432
9136 3461
9136 848
9136 3594
9136 2844
9136 840
9136 2536
9136 1720
9136 813
9136 871
9136 3452
9136 1367
9136 3347
9136 624
9136 262
9136 3370
9136 130
9136 3502
9136 500
9136 1352
9136 2640
9136 2706
9136 2737
18695 3220
18695 2360
18695 1407
18695 2251
18695 2740
18695 3293
18695 1690
18695 2864
18695 1973
18695 2363
18695 1266
18695 2568
18695 2867
18695 3505
18695 1498
18695 3400
18695 1641
18695 3551
18695 3147
18695 1943
18695 2325
18695 1306
18695 2651
18695 2410
18695 2736
18695 3039
18695 3553
18695 2012
18695 2503
18695 795
18695 2359
18695 1301
18695 2031
18695 2413
18695 2079
18695 3552
18695 3148
18695 1673
18695 2917
18695 1467
18695 3558
18695 1634
18695 3260
18695 1459
18695 2404
18695 2769
18695 3555
18695 2361
18695 3376
18695 3446
18695 3508
18695 2753
18695 1202
18695 2679
19039 3311
19039 1067
19039 3186
19039 3400
19039 3551
19039 3147
19039 2834
19039 1415
19039 3403
19039 1943
19039 2325
19039 2939
19039 3542
19039 2736
19039 2503
19039 2651
19039 3312
19039 1791
19039 2004
19039 2938
19039 3039
19039 3087
19039 2031
19039 2917
19039 3038
19039 1355
19039 1063
19039 1459
19039 820
19039 2777
19039 2909
19039 2784
19039 1264
19039 3298
19039 3547
19039 3220
19039 1683
19039 1636
19039 1854
19039 2009
19039 2740
19039 2686
19039 3223
19039 1973
19039 2841
19039 2549
19039 1243
19039 2867
19039 3069
19039 1607
19039 2568
18581 3486
18581 1980
18581 3147
18581 1641
18581 1427
18581 2740
18581 2361
18581 2460
18581 1607
18581 1690
18581 3551
18581 2864
18581 2756
18581 1557
18581 1673
18581 3220
18581 1459
18581 1467
18581 2360
18581 3302
18581 1301
18581 3558
18581 2359
18581 2549
18581 3293
18581 3409
18581 3508
18581 795
18581 3384
18581 2010
18581 2325
18581 3400
18581 1407
18581 2679
18581 1943
18581 1258
18581 1266
18581 2753
18581 3382
18581 3498
18581 1067
18581 3506
18581 2736
18581 2769
18581 2406
18581 1265
18581 2867
18581 3298
18581 2413
18581 2031
18581 3446
18581 2363
18581 1973
18581 2651
18581 2404
18581 3039
18581 1114
18581 3503
18889 3503
18889 2736
18889 2363
18889 2549
18889 2867
18889 2031
18889 3385
18889 3555
18889 3220
18889 1634
18889 2756
18889 3446
18889 3376
18889 2251
18889 795
18889 3384
18889 3508
18889 2012
18889 2361
18889 3459
18889 2460
18889 3298
18889 1641
18889 2679
18889 2360
18889 1407
18889 1498
18889 3553
18889 2406
18889 2864
18889 2568
18889 3382
18889 3506
18889 3148
18889 1973
18889 2359
18889 3551
18889 2753
18889 3552
18889 1266
18889 3147
18889 2413
18889 3505
18889 1683
18889 2325
18889 1459
18889 1980
18889 1265
18889 2503
18889 3409
18889 3039
18889 2651
18889 1301
18889 1690
18889 3558
18889 1202
18889 3293
18889 2939
18889 3400
10247 2616
10247 1673
10247 574
10247 1265
10247 2549
10247 2817
10247 3508
10247 1090
10247 2786
10247 1427
10247 1241
10247 2001
10247 1054
10247 3220
10247 2365
10247 863
10247 3080
10247 2773
10247 3487
10247 32
10247 1297
10247 3502
10247 431
10247 2737
10247 943
10247 2938
10247 3249
10247 50
10247 1288
10247 2984
10247 2806
10247 1067
10247 2844
10247 3155
10247 848
10247 840
10247 3507
10247 1252
10247 2870
10247 1298
10247 3146
10247 1539
10247 944
10247 2986
10247 1301
10247 1053
10247 2865
10247 2753
10247 3149
10247 2636
10247 2706
10247 2768
10247 1347
13991 1410
13991 3500
13991 2867
13991 3558
13991 2325
13991 3148
13991 2251
13991 69
13991 2431
13991 795
13991 1973
13991 1072
13991 2079
13991 1792
13991 1877
13991 1539
13991 3505
13991 2078
13991 1067
13991 3293
13991 3299
13991 2359
13991 2549
13991 2786
13991 1243
13991 3069
13991 3108
13991 1301
13991 3298
13991 2756
13991 3459
13991 1407
13991 1673
13991 1797
13991 1919
13991 2361
13991 3551
13991 3458
13991 2010
13991 3382
13991 3403
13991 3220
13991 1683
13991 873
13991 3311
13991 3377
13991 3542
13991 2769
13991 2806
13991 2864
13991 1063
13991 1690
13991 2012
13991 3186
13127 2637
13127 1090
13127 3151
13127 1544
13127 1819
13127 2248
13127 711
13127 3628
13127 2985
13127 2636
13127 2737
13127 726
13127 1826
13127 50
13127 2612
13127 1942
13127 2984
13127 760
13127 1367
13127 1053
13127 895
13127 2987
13127 763
13127 343
13127 3086
13127 863
13127 2781
13127 1731
13127 2773
13127 1622
13127 71
13127 944
13127 630
13127 2986
13127 3155
13127 1136
13127 1403
13127 1054
13127 2938
13127 1352
13127 3146
13127 3080
13127 1344
13127 3487
13127 675
13127 1833
13127 2941
13127 3149
13127 1709
13127 1922
13127 1347
13127 1099
13127 1091
13127 386
13127 1890
13127 3249
13127 1288
13127 1766
13127 2365
19155 3507
19155 1415
19155 3147
19155 2830
19155 3184
19155 3498
19155 3403
19155 3069
19155 3625
19155 3506
19155 3551
19155 2359
19155 1851
19155 2651
19155 2503
19155 3039
19155 3302
19155 1512
19155 3385
19155 3055
19155 3558
19155 3186
19155 2345
19155 3508
19155 3376
19155 3553
19155 3384
19155 2460
19155 2361
19155 2864
19155 3503
19155 2909
19155 1258
19155 3486
19155 3312
19155 2058
19155 1690
19155 1063
19155 2012
19155 3555
19155 2363
19155 1459
19155 2404
19155 3298
19155 2325
19155 3108
19155 3459
19155 2679
19155 1524
19155 3293
19155 3409
19155 2877
19155 2068
19155 3198
19155 2736
19155 1539
19155 3458
14068 1826
14068 71
14068 3069
14068 1067
14068 1344
14068 3629
14068 3583
14068 2773
14068 2860
14068 343
14068 2781
14068 3147
14068 1942
14068 2004
14068 3155
14068 3382
14068 3403
14068 2938
14068 2737
14068 3491
14068 1890
14068 2255
14068 2325
14068 1209
14068 3298
14068 1819
14068 3149
14068 2031
14068 2248
14068 1403
14068 2651
14068 820
14068 3039
14068 1099
14068 2706
14068 1063
14068 3080
14068 1528
14068 726
14068 2753
14068 2941
14068 2740
14068 1054
14068 1922
14068 3151
14068 760
14068 2460
14068 675
14068 3108
14068 1288
14068 1709
14068 1544
14068 630
14068 3628
14068 2549
14068 3303
14068 1136
14068 3487
14068 1731
7515 2786
7515 795
7515 2010
7515 2568
7515 2864
7515 1539
7515 3384
7515 2460
7515 2727
7515 29
7515 2549
7515 988
7515 3446
7515 3508
7515 3503
7515 401
7515 2031
7515 3220
7515 1492
7515 3293
7515 1301
7515 2756
7515 3409
7515 3400
7515 2503
7515 3147
7515 2806
7515 3039
7515 3558
7515 1550
7515 1877
7515 2296
7515 3553
7515 1407
7515 2753
7515 1258
7515 1690
7515 3507
7515 1876
7515 1973
7515 2078
7515 2361
7515 1067
7515 1266
7515 3552
7515 1607
7515 3506
7515 1641
7515 2679
7515 2865
7515 2360
7515 2406
18099 1202
18099 3260
18099 1973
18099 2756
18099 1690
18099 3220
18099 1607
18099 1407
18099 2736
18099 2503
18099 1641
18099 3400
18099 1266
18099 3293
18099 795
18099 3039
18099 2325
18099 1498
18099 3558
18099 3038
18099 2359
18099 1943
18099 1415
18099 3147
18099 2784
18099 2753
18099 2068
18099 3551
18099 2031
18099 2012
18099 2345
18099 1306
18099 3552
18099 2679
18099 2361
18099 3382
18099 2864
18099 1301
18099 3555
18099 2740
18099 2360
18099 2251
18099 3385
18099 3148
18099 2867
18099 1459
18099 1467
18099 3376
18099 3298
18099 2363
18099 3384
18099 3446
18099 3508
18099 2460
15723 1407
15723 2675
15723 3409
15723 3293
15723 3039
15723 1673
15723 3498
15723 3382
15723 1301
15723 2806
15723 2360
15723 1607
15723 1641
15723 3400
15723 1366
15723 2793
15723 3551
15723 2568
15723 3508
15723 3442
15723 3006
15723 2769
15723 2436
15723 2012
15723 1516
15723 3558
15723 3147
15723 1973
15723 1690
15723 2753
15723 2031
15723 3220
15723 734
15723 2679
15723 3634
15723 1410
15723 3552
15723 795
15723 2736
15723 1355
15723 1138
15723 911
15723 2786
15723 283
15723 2325
15723 1223
15723 620
15723 341
15723 124
15723 895
15723 3148
15723 1067
15723 3298
19164 1512
19164 2830
19164 3069
19164 2325
19164 3558
19164 2211
19164 3625
19164 3459
19164 3186
19164 1067
19164 3303
19164 1851
19164 2740
19164 1539
19164 2079
19164 3147
19164 3377
19164 3038
19164 3552
19164 3403
19164 2939
19164 3551
19164 2460
19164 3148
19164 2361
19164 3553
19164 2841
19164 2296
19164 2058
19164 3198
19164 1524
19164 1690
19164 2012
19164 3512
19164 2753
19164 2004
19164 1063
19164 3446
19164 2363
19164 2769
19164 2736
19164 2909
19164 3555
19164 1467
19164 2803
19164 1791
19164 1792
19164 3184
19164 3547
19164 3448
19164 1427
19164 2068
19164 3382
19164 2251
19164 1114
19164 3458
6985 424
6985 3311
6985 1338
6985 1773
6985 2324
6985 717
6985 2924
6985 446
6985 244
6985 1973
6985 2853
6985 2861
6985 529
6985 1065
6985 2806
6985 1614
6985 24
6985 367
6985 2966
6985 1467
6985 287
6985 118
6985 2950
6985 677
6985 490
6985 193
6985 1363
6985 1327
6985 1822
6985 2470
6985 3011
6985 3080
6985 845
6985 1945
6985 1388
6985 2506
6985 3034
6985 1209
6985 1673
6985 913
6985 1354
6985 1325
6985 1464
6985 1767
6985 115
6985 1084
6985 525
6985 2240
6985 1539
6985 81
6985 453
9095 3505
9095 359
9095 2362
9095 3594
9095 1498
9095 3249
9095 1792
9095 2365
9095 118
9095 1679
9095 32
9095 2814
9095 1415
9095 3108
9095 795
9095 2860
9095 3383
9095 1306
9095 2844
9095 1608
9095 1298
9095 143
9095 848
9095 840
9095 2413
9095 1634
9095 3633
9095 2769
9095 1091
9095 1854
9095 1114
9095 2865
9095 2373
9095 3260
9095 3299
9095 3105
9095 2361
9095 3446
9095 2574
9095 2636
9095 2016
9095 1241
9095 276
9095 1202
9095 3298
9095 2460
9095 2251
9095 1410
9095 3293
9095 2816
9095 1297
9765 1676
9765 32
9765 1288
9765 574
9765 215
9765 3151
9765 736
9765 2847
9765 240
9765 1054
9765 3213
9765 2753
9765 2971
9765 2831
9765 2265
9765 1565
9765 2706
9765 2406
9765 276
9765 3080
9765 2574
9765 400
9765 1091
9765 1347
9765 2987
9765 3149
9765 1044
9765 2829
9765 1563
9765 2704
9765 2737
9765 2986
9765 1539
9765 2844
9765 3155
9765 3342
9765 840
9765 1534
9765 2365
9765 802
9765 58
9765 3249
9765 2860
9765 1067
9765 2984
9765 1982
9765 1677
9765 2983
9765 2709
9765 3635
9765 3487
9765 209
9765 1647
18770 3503
18770 2406
18770 3400
18770 2679
18770 2460
18770 2361
18770 3508
18770 3446
18770 3384
18770 3293
18770 3260
18770 3409
18770 3376
18770 3223
18770 2012
18770 795
18770 3298
18770 3220
18770 2251
18770 1641
18770 3555
18770 1943
18770 2359
18770 3506
18770 3382
18770 1067
18770 2752
18770 2413
18770 3498
18770 3552
18770 1266
18770 2736
18770 1973
18770 1415
18770 1258
18770 1407
18770 3055
18770 3553
18770 3039
18770 3558
18770 2651
18770 1690
18770 3542
18770 2325
18770 1467
18770 2503
18770 1459
18770 2867
18770 3551
18770 1265
18770 2363
18770 2756
18770 2864
18770 1634
18770 3147
18770 2360
18770 2031
19200 3385
19200 2079
19200 3403
19200 3542
19200 2939
19200 2345
19200 1943
19200 3552
19200 1415
19200 3038
19200 2784
19200 1919
19200 3551
19200 3040
19200 2841
19200 2255
19200 1607
19200 1871
19200 1077
19200 1407
19200 3039
19200 2296
19200 2503
19200 1641
19200 2917
19200 3298
19200 1243
19200 2867
19200 3512
19200 1301
19200 2786
19200 2363
19200 3150
19200 2012
19200 3446
19200 2777
19200 2736
19200 2909
19200 1459
19200 1072
19200 3201
19200 2803
19200 2031
19200 3400
19200 2251
19200 2830
19200 2325
19200 3069
19200 3186
19200 3293
19200 3260
19200 3558
19200 3633
19200 2359
19200 1539
19200 3303
16516 1567
16516 3552
16516 1973
16516 1774
16516 2686
16516 2753
16516 3486
16516 3147
16516 2406
16516 3321
16516 3503
16516 1925
16516 3223
16516 1793
16516 3298
16516 795
16516 1265
16516 2879
16516 3266
16516 2756
16516 3506
16516 3283
16516 2864
16516 2806
16516 2508
16516 1869
16516 1266
16516 1067
16516 1704
16516 1539
16516 3507
16516 202
16516 2832
16516 1407
16516 3508
16516 3400
16516 3558
16516 1301
16516 3293
16516 576
16516 2568
16516 1136
16516 3306
16516 1673
16516 2651
16516 3220
16516 2503
16516 2404
16516 1690
16516 420
16516 784
16516 1641
16516 2752
9155 2365
9155 3059
9155 3594
9155 2834
9155 2737
9155 3151
9155 2687
9155 1352
9155 1054
9155 1263
9155 2143
9155 2636
9155 2845
9155 1347
9155 814
9155 3324
9155 1091
9155 130
9155 3103
9155 215
9155 2087
9155 840
9155 3253
9155 3118
9155 1288
9155 32
9155 890
9155 1233
9155 2971
9155 2001
9155 2551
9155 711
9155 3155
9155 2986
9155 1718
9155 1826
9155 1372
9155 85
9155 2846
9155 760
9155 1367
9155 1332
9155 3080
9155 2616
9155 3487
9155 3452
9155 1647
9155 1918
9155 266
9155 1134
9155 3249
9155 3149
9155 276
17499 3220
17499 1791
17499 2864
17499 1301
17499 3409
17499 3184
17499 3293
17499 1063
17499 3223
17499 2867
17499 3311
17499 3486
17499 1265
17499 3147
17499 3108
17499 3551
17499 3302
17499 356
17499 2340
17499 2756
17499 3453
17499 2503
17499 2053
17499 2325
17499 3498
17499 3542
17499 1690
17499 3459
17499 2651
17499 1243
17499 2736
17499 1067
17499 1266
17499 2917
17499 2806
17499 2068
17499 3458
17499 3555
17499 2404
17499 3377
17499 3625
17499 1415
17499 2753
17499 3376
17499 3298
17499 1539
17499 3198
17499 3260
17499 2360
17499 2406
17499 2251
17499 2104
17499 2274
17499 795
17614 1983
17614 2058
17614 3304
17614 1072
17614 2534
17614 2793
17614 1792
17614 2951
17614 1973
17614 1874
17614 1458
17614 2769
17614 1524
17614 2777
17614 1410
17614 2295
17614 3194
17614 1063
17614 2939
17614 1467
17614 3105
17614 3311
17614 820
17614 791
17614 3220
17614 1608
17614 2442
17614 2211
17614 3498
17614 1258
17614 1690
17614 2841
17614 3403
17614 1501
17614 1675
17614 2830
17614 2624
17614 722
17614 1416
17614 3448
17614 1683
17614 2406
17614 3069
17614 423
17614 789
17614 3554
17614 1190
17614 2079
17614 3135
17614 1622
17614 1673
17614 1578
17614 2068
17614 3299
17614 3198
17614 1557
17614 1265
17614 581
15105 639
15105 3605
15105 1127
15105 1391
15105 1559
15105 2323
15105 1002
15105 790
15105 3422
15105 2279
15105 498
15105 299
15105 638
15105 1134
15105 1988
15105 2791
15105 2901
15105 2220
15105 2551
15105 3452
15105 2344
15105 1406
15105 298
15105 1367
15105 1918
15105 2616
15105 85
15105 2087
15105 760
15105 255
15105 3616
15105 1233
15105 3402
15105 3394
15105 3242
15105 3449
15105 215
15105 676
15105 3383
15105 3410
15105 1372
15105 1891
15105 2787
15105 3103
15105 1554
15105 2737
15105 1297
15105 1824
15105 1222
15105 709
15105 2686
15105 3116
15105 2382
15105 3554
15105 681
15105 3248
15105 1649
15105 791
13908 192
13908 3230
13908 1829
13908 1759
13908 3046
13908 2712
13908 845
13908 1767
13908 449
13908 2798
13908 162
13908 1449
13908 3417
13908 1325
13908 1954
13908 2853
13908 287
13908 3379
13908 1489
13908 2978
13908 2675
13908 2722
13908 1614
13908 1148
13908 1327
13908 1218
13908 421
13908 118
13908 1234
13908 2995
13908 1988
13908 2801
13908 647
13908 212
13908 1181
13908 461
13908 446
13908 1065
13908 3181
13908 120
13908 3422
13908 1516
13908 3228
13908 3282
13908 206
13908 66
13908 1462
13908 1734
13908 3516
13908 2765
13908 2470
13908 929
13908 2742
13908 2276
13908 238
13908 1595
18678 2864
18678 2909
18678 2010
18678 2568
18678 2345
18678 1871
18678 1407
18678 2758
18678 3500
18678 2361
18678 1607
18678 3558
18678 3625
18678 3376
18678 2841
18678 795
18678 1243
18678 2503
18678 3385
18678 1067
18678 3311
18678 3377
18678 3542
18678 2756
18678 1980
18678 2359
18678 1877
18678 1415
18678 3551
18678 2786
18678 2031
18678 3400
18678 2736
18678 2079
18678 3507
18678 2877
18678 1114
18678 2803
18678 3298
18678 3446
18678 2784
18678 1641
18678 1685
18678 3293
18678 2362
18678 2404
18678 2251
18678 3150
18678 1690
18678 2917
18678 3041
18678 2325
18678 2296
18678 2867
18678 2785
18678 2363
10538 2816
10538 130
10538 3151
10538 890
10538 944
10538 1742
10538 1664
10538 1090
10538 2817
10538 2768
10538 2986
10538 1053
10538 276
10538 1921
10538 1091
10538 2636
10538 400
10538 1347
10538 3149
10538 711
10538 50
10538 1182
10538 1298
10538 3249
10538 2666
10538 1344
10538 848
10538 3146
10538 2737
10538 2984
10538 492
10538 1622
10538 1679
10538 3155
10538 840
10538 943
10538 2365
10538 3152
10538 3502
10538 3594
10538 1337
10538 32
10538 119
10538 1288
10538 2913
10538 359
10538 3487
10538 863
10538 2625
10538 3080
10538 2865
18208 3385
18208 2091
18208 3486
18208 1498
18208 2867
18208 3069
18208 2363
18208 1980
18208 2651
18208 1243
18208 2736
18208 2255
18208 795
18208 3039
18208 2830
18208 2503
18208 2012
18208 3055
18208 2325
18208 1306
18208 3403
18208 3542
18208 2784
18208 1641
18208 1415
18208 3551
18208 2769
18208 2909
18208 2079
18208 3303
18208 2785
18208 1114
18208 3459
18208 3552
18208 2251
18208 2359
18208 3382
18208 3506
18208 2864
18208 1690
18208 2345
18208 3625
18208 3298
18208 2361
18208 3198
18208 3260
18208 3633
18208 1792
18208 1202
18208 3446
18208 3508
12619 3040
12619 3034
12619 3077
12619 3552
12619 3216
12619 1306
12619 1634
12619 760
12619 2736
12619 1067
12619 1298
12619 3293
12619 1554
12619 913
12619 2860
12619 3446
12619 2087
12619 1367
12619 1520
12619 3459
12619 2342
12619 2503
12619 3551
12619 3506
12619 2279
12619 2832
12619 1332
12619 2162
12619 1054
12619 2344
12619 2814
12619 2909
12619 2938
12619 3311
12619 46
12619 2373
12619 2901
12619 1690
12619 3625
12619 756
12619 3149
12619 1202
12619 1297
12619 2867
12619 2892
12619 1326
12619 1854
12619 85
12619 2251
12619 2325
12619 1337
12619 795
12619 999
18605 3625
18605 1498
18605 2503
18605 3311
18605 2460
18605 3148
18605 2359
18605 3508
18605 3384
18605 2568
18605 1539
18605 1512
18605 3507
18605 2877
18605 1306
18605 3220
18605 3506
18605 3293
18605 2756
18605 3409
18605 3459
18605 3184
18605 3505
18605 2406
18605 2251
18605 1854
18605 1792
18605 3458
18605 3555
18605 3400
18605 1114
18605 2363
18605 1683
18605 3446
18605 1063
18605 3198
18605 1427
18605 1202
18605 2004
18605 1690
18605 3201
18605 3108
18605 3503
18605 2939
18605 2753
18605 2404
18605 3553
18605 3150
18605 2361
18605 1410
18605 3039
18605 3223
18605 2841
18605 1797
18605 795
18605 2806
18605 3486
18605 3552
18605 1266
8628 1258
8628 2413
8628 3147
8628 1266
8628 3552
8628 2753
8628 2860
8628 3452
8628 2769
8628 2736
8628 2363
8628 3148
8628 3551
8628 1407
8628 3503
8628 2679
8628 2323
8628 2687
8628 3555
8628 3298
8628 1641
8628 1301
8628 3223
8628 3413
8628 1690
8628 2756
8628 31
8628 1054
8628 2325
8628 1072
8628 2031
8628 3382
8628 3498
8628 2814
8628 3383
8628 3055
8628 2279
8628 2360
8628 3558
8628 2939
8628 1297
8628 3103
8628 3293
8628 3376
8628 2361
8628 1067
8628 3384
8628 2651
8628 795
8628 2255
8628 2503
8628 1265
8628 2785
8628 2917
8628 3220
18366 2916
18366 1063
18366 2404
18366 1673
18366 3312
18366 3148
18366 3506
18366 1301
18366 2806
18366 2917
18366 1791
18366 2004
18366 2651
18366 2863
18366 795
18366 3552
18366 3507
18366 1943
18366 2255
18366 2503
18366 1539
18366 2756
18366 3147
18366 3558
18366 1641
18366 2556
18366 1266
18366 3486
18366 1067
18366 2369
18366 3223
18366 3400
18366 2568
18366 1690
18366 3293
18366 1871
18366 1973
18366 2864
18366 2841
18366 3220
18366 1407
18366 1264
18366 2752
18366 2406
18366 1427
18366 3503
18366 3298
18366 3508
18366 3633
18366 1265
18366 2753
17993 2503
17993 3223
17993 1063
17993 2939
17993 2404
17993 3293
17993 1673
17993 2806
17993 3108
17993 3558
17993 1301
17993 2861
17993 1347
17993 760
17993 2951
17993 3486
17993 3503
17993 3400
17993 2756
17993 1539
17993 3220
17993 1415
17993 795
17993 1641
17993 3385
17993 3150
17993 1129
17993 1067
17993 1607
17993 3298
17993 1352
17993 3508
17993 2568
17993 1227
17993 2753
17993 2864
17993 1973
17993 1413
17993 3507
17993 3312
17993 3155
17993 3148
17993 1407
17993 2752
17993 2406
17993 1266
17993 3506
17993 2846
17993 1427
17993 1288
17993 3147
17993 3552
17993 2651
17993 1690
17993 1258
17993 3118
17993 1265
12906 3507
12906 3403
12906 2939
12906 820
12906 1264
12906 218
12906 2651
12906 899
12906 2277
12906 50
12906 673
12906 1686
12906 3069
12906 1204
12906 1950
12906 2736
12906 2863
12906 2830
12906 3150
12906 3431
12906 2253
12906 2686
12906 3312
12906 2369
12906 2431
12906 2737
12906 3399
12906 1539
12906 2341
12906 1985
12906 3445
12906 948
12906 3396
12906 2404
12906 795
12906 3186
12906 2031
12906 3302
12906 3194
12906 1376
12906 1656
12906 2751
12906 1459
12906 2339
12906 508
12906 2785
12906 2752
12906 3303
12906 1566
12906 1266
12906 3146
12906 888
12906 1501
12906 1683
12906 2753
12906 2938
9185 3220
9185 2334
9185 2359
9185 760
9185 2773
9185 2806
9185 90
9185 2846
9185 1297
9185 3400
9185 3508
9185 3293
9185 2756
9185 2706
9185 1065
9185 1140
9185 1949
9185 32
9185 2821
9185 3507
9185 1718
9185 1973
9185 1618
9185 2406
9185 46
9185 376
9185 2951
9185 1343
9185 2909
9185 3033
9185 2753
9185 1641
9185 1079
9185 2892
9185 3298
9185 1690
9185 2636
9185 2586
9185 1301
9185 1367
9185 2817
9185 3486
9185 2477
9185 795
9185 2651
9185 3147
9185 431
9185 3552
9185 2568
9185 3452
9185 1688
9185 2865
9185 1539
19195 3312
19195 2363
19195 1072
19195 1415
19195 2251
19195 2917
19195 3555
19195 2296
19195 2867
19195 2784
19195 3505
19195 1943
19195 3040
19195 3108
19195 3298
19195 3293
19195 1417
19195 1851
19195 1243
19195 1686
19195 1264
19195 3446
19195 1607
19195 1871
19195 2679
19195 2803
19195 2079
19195 3147
19195 2786
19195 1407
19195 3403
19195 3498
19195 3551
19195 2830
19195 1266
19195 3506
19195 2255
19195 2359
19195 2822
19195 1427
19195 3625
19195 3069
19195 1608
19195 2503
19195 3377
19195 2556
19195 3633
19195 2345
19195 2841
19195 3302
19195 3039
19195 3186
19195 3260
19195 3384
19195 2012
19195 2361
19195 2460
19195 3503
19195 3038
