129 2 14 28 214 267 356 484 498 527 596 605 672 760 912 1049 1231 1333 1442 1562 1598 1659 1867 2209 2213 2243 2246 2410 2685 2817 2985 2986 3025 3065 3106 3184 3202 3218 3286 3323 3371 3435 3453 3459 3524 3527 3604
199 2 89 176 530 1062 1201 1220 1265 1286 1409 1510 1796 1850 2057 2067 2333 2343 2372 2519 2520 2540 2550 2615 2648 2698 2767 2785 2820 2843 3037 3146 3149 3191 3382 3409 3502 3505 3507
365 2 163 176 957 968 1090 1133 1232 1251 1296 1457 1458 1510 1639 1689 1717 1822 1849 1917 2057 2278 2322 2325 2482 2506 2550 2657 2722 2832 2900 3032 3054 3102 3115 3183 3189 3382 3384 3409 3451 3457 3458 3504 3521 3605 3615
2106 48 66 201 340 357 419 450 463 478 575 899 970 1023 1064 1130 1135 1168 1319 1326 1566 1614 1643 1661 1703 1773 1922 1933 1994 2232 2239 2280 2326 2387 2472 2507 2797 3063 3082 3265 3523
2954 11 119 460 759 787 813 867 934 1006 1019 1133 1220 1233 1287 1617 1717 1718 1849 1853 1953 1987 1994 2036 2086 2142 2482 2550 2615 2685 2686 2764 2770 2829 2900 2966 3032 3068 3102 3115 3189 3279 3323 3409 3421 3451 3506
3760 11 31 139 460 867 928 934 1006 1019 1147 1240 1287 1510 1564 1617 1723 1849 1919 1953 2262 2298 2300 2322 2372 2482 2506 2511 2550 2615 2736 2843 2899 2966 3032 3076 3154 3189 3314 3382 3398 3409 3421 3441
4398 14 28 148 149 155 275 353 779 785 847 1021 1089 1090 1232 1442 1619 1621 1646 1659 1814 1818 1825 1920 1995 2213 2234 2401 2410 2456 2497 2665 2970 2977 2985 2986 3043 3219 3257 3258 3417 3502 3527 3593 3603 3605
4564 14 45 82 214 216 282 342 353 368 392 524 629 674 682 724 725 749 876 1028 1078 1090 1139 1158 1766 1818 1835 1857 1881 1948 1994 2438 2476 2585 2592 2780 2813 2820 2940 2970 2972 2994 3084 3358
4738 14 342 674 710 725 753 889 958 990 1062 1090 1098 1287 1300 1402 1409 1416 1457 1538 1550 1565 1672 1690 1921 2002 2009 2248 2368 2548 2552 2736 2751 2752 2780 2805 2813 2828 2833 2863 2940 3079 3148 3150 3154 3215 3219 3402 3502 3507
5223 14 28 44 214 353 513 819 847 1021 1113 1262 1263 1265 1297 1331 1457 1523 1556 1685 1853 1876 2252 2279 2295 2368 2438 2469 2533 2768 2805 2833 2865 2928 2938 2985 3079 3104 3184 3193 3215 3219 3297 3298 3310 3447 3497
6024 20 277 342 379 381 463 508 509 629 725 743 872 912 918 1053 1059 1083 1336 1338 1340 1344 1402 1464 1482 1531 1543 1830 2161 2247 2377 2378 2490 2497 2613 2637 2741 2780 2830 2932 2952 2991 3025 3026 3398 3416 3419 3598
6271 20 31 331 463 539 604 699 759 970 1016 1023 1053 1089 1090 1133 1251 1287 1319 1465 1646 1717 1922 2086 2232 2256 2372 2471 2493 2506 2550 2781 2831 2850 2983 2985 3248 3451
6984 23 80 114 117 192 243 286 366 423 445 452 489 524 528 676 716 844 1083 1324 1326 1353 1362 1387 1463 1466 1538 1613 1772 1821 1972 2239 2505 2805 2852 2860 2923 2949 2965 3010 3033 3079
7486 28 847 1062 1066 1089 1090 1242 1257 1264 1297 1300 1409 1538 1565 1633 1672 1682 1689 1853 1870 1920 1972 2078 2254 2294 2548 2757 2802 2840 2865 2983 2985 2986 3068 3185 3219 3222 3233 3292 3447 3554
7514 28 400 794 1066 1300 1538 1549 1606 1640 1689 1875 1876 1972 2009 2030 2077 2295 2359 2360 2459 2502 2548 2567 2678 2726 2752 2755 2785 2863 2864 3038 3146 3292 3383 3399 3408 3445 3502 3505 3506 3507 3551
7528 28 794 819 905 1053 1201 1226 1406 1457 1458 1466 1497 1606 1942 1972 2030 2210 2254 2372 2413 2533 2678 2736 2752 2755 2784 2805 2829 2833 2866 2970 3185 3383 3399 3402 3408 3445 3504 3506 3541 3632
7906 28 117 725 759 1090 1217 1257 1264 1354 1402 1409 1505 1646 1689 1814 1818 2009 2011 2250 2324 2364 2412 2635 2755 2768 2780 2784 2836 2844 2940 2970 3038 3219 3248 3292 3381 3447 3497 3511 3541 3552 3557
8106 28 31 49 129 130 142 214 275 358 491 710 794 839 847 862 942 943 1062 1089 1265 1287 1296 1297 1343 1814 1920 1922 2364 2573 2635 2736 2767 2797 2805 2816 2864 2983 2985 2986 3079 3126 3145 3148 3154 3219 3248 3486
8107 31 49 129 142 214 275 358 491 710 839 847 862 942 943 1062 1089 1090 1297 1343 1678 1920 1922 2364 2573 2635 2797 2805 2816 2864 2983 2985 2986 3079 3145 3148 3154 3248 3486 3593
8658 30 384 708 943 1053 1062 1221 1346 1405 1409 1426 1511 2003 2057 2067 2250 2360 2362 2403 2405 2459 2567 2735 2821 2840 3054 3145 3146 3147 3219 3292 3302 3384 3393 3447 3502 3507 3511 3546 3557 3593 3603 3604 3605 3613 3615 3624
8759 30 31 84 89 176 263 759 813 896 998 1133 1221 1283 1287 1331 1564 1617 1639 1717 1822 1851 2142 2278 2298 2364 2482 2550 2579 2648 2657 2686 2698 2859 2899 2900 3102 3279 3287 3412 3451 3579
8840 794 1053 1062 1071 1090 1113 1240 1296 1538 1564 1791 1853 1918 2057 2322 2324 2325 2403 2506 2548 2550 2615 2635 2736 2752 2805 2840 2843 2864 2915 2938 2950 2983 2985 3054 3076 3197 3200 3219 3248 3292 3297 3301 3310 3408 3457 3458 3632
8965 31 430 759 968 1053 1066 1090 1240 1251 1257 1264 1265 1296 1300 1406 1466 1606 1942 1972 2030 2254 2278 2359 2403 2405 2502 2567 2635 2650 2752 2755 2783 2816 2843 2866 3248 3259 3292 3399 3451 3497 3505 3507 3551 3557
9094 31 117 142 275 358 839 847 1090 1113 1201 1240 1296 1297 1305 1409 1497 1607 1633 2015 2250 2360 2364 2412 2573 2635 2768 2813 2815 2843 2859 2864 3104 3107 3248 3259 3297 3298 3445 3504 3593 3632
9135 31 49 129 142 214 255 261 347 430 431 499 623 736 759 812 839 847 943 1090 1123 1246 1296 1297 1346 1351 1366 1450 1719 2535 2635 2639 2705 2736 2767 2815 2816 2843 2864 2891 2937 3030 3248 3346 3369 3431 3451 3460 3501
9154 31 84 265 710 759 839 889 1090 1262 1287 1346 1351 1366 1371 1646 1717 1825 2000 2142 2550 2615 2635 2686 2833 2844 2985 3102 3117 3150 3154 3248 3323 3451 3486
9257 31 794 1066 1240 1251 1257 1264 1296 1406 1458 1640 1689 2011 2030 2254 2324 2325 2359 2360 2362 2412 2550 2635 2678 2752 2767 2816 2843 2863 3146 3219 3222 3297 3298 3341 3375 3381 3383 3497 3502 3507 3550 3551 3554 3557
9282 31 1062 1071 1201 1240 1406 1409 1511 1640 1682 2003 2057 2358 2359 2405 2493 2567 2650 2678 2739 2752 2821 2829 2833 2843 2916 3068 3076 3179 3185 3302 3376 3383 3384 3447 3458 3506 3507 3546
9399 31 49 839 847 937 1006 1090 1240 1287 1297 1402 1538 1556 1564 1617 1672 1741 1790 1791 1849 1876 2142 2325 2364 2405 2482 2506 2635 2686 2736 2772 2805 2843 2864 2985 3032 3068 3145 3148 3150 3154 3185 3248 3384 3402 3486 3579
9528 31 794 1066 1242 1251 1264 1265 1414 1640 1689 1972 2009 2254 2295 2322 2324 2325 2341 2358 2360 2403 2405 2502 2506 2548 2678 2752 2802 2863 2866 3038 3146 3259 3279 3292 3297 3301 3376 3399 3485 3502 3504 3507 3551
9640 38 710 819 898 1062 1066 1071 1264 1287 1300 1336 1343 1346 1351 1426 1663 1672 1682 1689 1942 1972 2250 2548 2785 2805 2937 2938 3068 3145 3147 3148 3149 3154 3185 3219 3384 3402 3430
9764 31 57 208 214 239 275 399 735 839 1043 1053 1066 1090 1287 1346 1533 1538 1562 1564 1646 1675 1676 1981 2264 2364 2405 2573 2703 2708 2736 2752 2828 2830 2846 2859 2970 2982 2983 2985 2986 3079 3148 3150 3154 3212 3248 3341 3634
10066 117 129 839 847 862 882 1053 1090 1240 1251 1286 1287 1296 1331 1346 1505 1564 1895 2206 2325 2343 2504 2615 2624 2635 2648 2705 2736 2767 2864 2899 2983 2985 2986 3076 3145 3148 3154 3248 3481
10246 31 573 839 942 943 1052 1053 1066 1089 1240 1251 1287 1297 1300 1346 1426 1538 1672 2000 2364 2615 2705 2736 2752 2772 2785 2805 2816 2843 2864 2869 2937 2983 2985 3079 3145 3219 3248 3486 3501 3506 3507
10248 839 862 894 943 1066 1251 1264 1287 1297 1346 1409 1426 1672 1922 2000 2364 2635 2752 2797 2805 2816 2864 2983 2985 3079 3145 3148 3219 3248 3501 3593
10254 31 49 129 839 847 937 942 1066 1089 1240 1251 1263 1300 1426 1538 1564 1672 2000 2364 2548 2635 2705 2735 2751 2767 2785 2805 2816 2843 2864 2908 2983 2985 3148 3150 3154 3219 3248 3302 3501 3507
10338 31 84 214 279 399 531 629 729 759 813 968 1090 1287 1296 1317 1331 1343 1346 1366 1519 1543 1553 1639 1917 2023 2086 2251 2333 2343 2550 2576 2615 2635 2657 2704 2722 2736 2772 2816 2864 2900 3076 3102 3115 3279 3451
10437 31 214 399 708 759 789 839 847 1089 1202 1232 1346 1646 1678 1725 1813 1849 2047 2071 2086 2138 2142 2325 2506 2550 2576 2722 2790 2815 2843 2844 2845 2901 2983 2985 2986 3032 3393 3527 3593 3598 3603 3604 3605 3615
10544 31 573 759 1071 1240 1265 1296 1297 1300 1406 1538 1549 1558 1606 1663 2030 2324 2359 2403 2459 2548 2567 2635 2650 2678 2752 2755 2772 2785 2816 2840 2843 3145 3248 3292 3297 3399 3451 3507 3551 3557
10629 49 214 384 839 847 1090 1133 1331 1346 1402 1510 1558 1561 1564 1646 1678 1717 1765 1917 1920 2000 2023 2086 2325 2343 2364 2372 2550 2584 2615 2635 2736 2767 2833 2843 2844 2985 3079 3102 3148 3154 3195 3233 3451 3481 3486
10645 31 430 492 709 720 788 1184 1223 1251 1264 1296 1409 1426 1538 1556 1601 1682 1685 1689 1972 2009 2057 2250 2341 2405 2528 2635 2650 2755 2816 2864 2875 2908 2938 2950 2985 3191 3193 3219 3302 3375 3382 3447 3457 3483 3497 3541
11081 31 214 430 839 942 1090 1240 1262 1296 1300 1409 1556 1672 1689 1922 1972 2009 2011 2324 2359 2364 2515 2735 2767 2768 2772 2816 2843 2844 2985 3007 3032 3037 3038 3079 3195 3219 3248 3381 3447 3497 3501 3557 3565 3593 3604 3605 3609 3615
11117 31 49 117 214 358 430 491 835 847 862 889 942 943 1052 1089 1090 1240 1296 1297 1346 1621 1646 1663 1678 1922 1939 2573 2635 2736 2741 2767 2772 2797 2816 2843 2983 2986 3079 3145 3148 3154 3248 3593
11121 31 819 847 1053 1062 1066 1089 1090 1240 1296 1406 1415 1505 1510 1606 1621 1682 1850 1918 2078 2322 2324 2548 2550 2635 2650 2751 2752 2757 2785 2803 2840 2843 2858 2864 2865 2937 2938 2985 2986 3068 3107 3200 3248 3259 3297 3511
11471 31 118 215 360 430 794 833 839 879 1062 1076 1125 1251 1264 1406 1409 1426 1538 1556 1621 1689 1741 1979 2003 2009 2358 2405 2502 2635 2678 2735 2755 2802 2816 2840 2843 2845 2864 2983 2986 3145 3215 3219 3341 3497 3511 3632
11475 31 142 214 275 399 839 889 1006 1090 1232 1265 1287 1296 1371 1406 1606 1640 1677 1678 1689 1768 2030 2142 2322 2359 2362 2550 2573 2576 2650 2736 2767 2786 2813 2815 2864 3032 3102 3189 3248 3260 3292 3297 3302 3381 3402 3501 3527 3557 3593 3605
11671 89 129 595 600 617 759 770 839 898 968 1113 1287 1331 1346 1406 1564 1682 1762 1851 1985 2250 2295 2300 2343 2360 2362 2364 2613 2615 2648 2705 2736 2767 2784 2899 2993 3079 3145 3148 3154 3243 3259 3292 3297 3302 3486
11819 813 839 968 1113 1133 1251 1286 1331 1406 1458 2000 2030 2067 2078 2090 2217 2250 2341 2358 2364 2550 2650 2698 2783 2784 2829 2845 3038 3107 3195 3292 3384 3402 3445 3481 3505 3511 3551 3552 3557
12403 42 117 152 819 1042 1113 1265 1406 1538 1556 1685 1790 1850 1857 2009 2030 2341 2360 2405 2589 2613 2711 2784 2802 2829 2840 2908 3068 3107 3146 3185 3219 3268 3292 3297 3302 3402 3502 3504 3511
12509 44 89 129 208 555 735 749 753 758 759 878 1053 1062 1071 1226 1286 1553 1835 1932 2002 2057 2078 2248 2276 2322 2364 2403 2439 2588 2648 2650 2739 2840 3061 3148 3154 3297 3358 3486 3505 3620
12537 44 55 819 839 1226 1263 1409 1426 1523 1538 1682 1685 1949 2030 2210 2252 2364 2405 2413 2533 2751 2752 2757 2805 2821 2829 2859 2861 2865 2928 2938 2950 3065 3068 3079 3145 3149 3185 3193 3302 3311 3382 3384 3402 3506 3553
12609 84 794 968 1090 1113 1133 1203 1226 1232 1366 1414 1458 1511 1553 1558 2023 2254 2278 2359 2360 2386 2412 2490 2506 2550 2567 2635 2648 2784 2786 2845 2898 2908 3038 3054 3102 3292 3297 3381 3384 3444 3445 3451 3504 3505 3632
12886 49 710 769 794 1066 1201 1406 1497 1633 1640 1972 2011 2030 2250 2344 2362 2403 2618 2735 2755 2776 2783 2908 2916 3037 3038 3068 3079 3145 3147 3148 3150 3154 3185 3402 3445 3505 3506 3557
13126 49 70 342 385 629 674 710 725 759 762 862 943 1052 1053 1089 1090 1098 1135 1343 1346 1351 1366 1402 1543 1621 1708 1765 1818 1825 1832 1889 1921 1941 2247 2364 2611 2636 2736 2780 2940 2983 2984 2985 3079 3085 3145 3148 3150 3154 3248 3486
13202 49 77 208 239 255 258 282 399 448 555 600 735 852 878 898 1215 1297 1341 1343 1682 1690 1890 2002 2161 2276 2277 2366 2372 2385 2520 2619 2624 2636 2661 2708 2859 2877 2992 3158 3252 3258 3358 3391 3395 3434 3555 3620 3629
13294 49 342 674 708 710 847 862 937 998 1199 1240 1254 1263 1265 1297 1336 1406 1426 1606 1621 1685 2254 2403 2635 2752 2772 2805 2843 2915 2950 2952 2985 3107 3145 3147 3154 3220 3301 3311 3361 3398 3430 3504 3507
13837 58 129 138 342 629 674 710 725 759 762 862 1052 1053 1090 1133 1135 1331 1346 1505 1730 1741 1818 1825 1889 1921 1941 2086 2247 2364 2736 2772 2780 2833 2940 2985 2986 3079 3145 3150 3154 3185 3248 3486 3627 3628
13907 65 117 119 161 191 205 211 237 286 445 448 460 646 844 928 1064 1147 1180 1217 1233 1324 1326 1448 1461 1488 1594 1613 1758 1828 1953 1987 2275 2469 2711 2721 2741 2764 2797 2800 2852 2977 2994 3045 3180 3227 3229 3281 3378 3421 3515
13990 68 794 872 1062 1066 1300 1406 1409 1538 1672 1682 1689 1791 1918 1972 2011 2077 2078 2358 2360 2430 2548 2768 2805 2863 2866 3068 3107 3147 3185 3219 3292 3297 3310 3376 3381 3402 3458 3499 3541 3550 3557
14048 70 129 342 629 725 1052 1053 1066 1090 1098 1287 1300 1402 1406 1505 1528 1564 1606 1689 1825 1889 1921 1972 2030 2247 2248 2372 2648 2650 2678 2753 2772 2780 2831 2937 2940 2985 3148 3150 3154 3219 3233 3248 3399 3401 3507
14067 70 342 629 674 725 759 819 1053 1062 1066 1098 1135 1208 1287 1543 1730 1818 1825 1921 1941 2003 2247 2254 2324 2548 2705 2736 2739 2752 2772 2780 2859 2937 2940 3068 3079 3107 3146 3148 3150 3154 3297 3302 3381 3486 3490 3628
14082 84 176 342 629 674 725 759 839 915 1052 1053 1090 1098 1133 1135 1220 1232 1287 1331 1366 1505 1543 1639 1717 1741 1818 1825 1889 1921 1941 2086 2247 2364 2635 2736 2772 2780 2844 2845 2940 2985 2986 3150 3248 3582 3593 3605 3627 3628
14175 70 129 138 342 385 392 629 661 674 682 725 759 762 915 1090 1098 1213 1402 1708 1730 1825 1832 1889 1924 1941 1998 2247 2476 2736 2741 2772 2780 2813 2831 2833 3085 3148 3150 3414 3627 3628
14733 84 430 444 537 562 755 759 1062 1143 1296 1300 1303 1325 1366 1639 1640 1689 1870 1963 1972 2003 2009 2030 2044 2185 2324 2333 2358 2362 2531 2635 2649 2650 2840 2869 2876 2891 3068 3146 3169 3183 3185 3219 3269 3297 3376 3402 3447 3451 3546 3550
14846 84 117 119 191 206 249 460 492 634 773 867 875 957 1019 1147 1233 1237 1239 1723 1953 2300 2322 2550 2615 2661 2685 2698 2800 2899 2900 2927 2966 2984 2985 2986 2994 3076 3102 3115 3233 3279 3409 3521
14880 84 163 342 629 674 725 759 921 968 1053 1239 1287 1296 1331 1346 1366 1543 1717 1825 1889 1921 2000 2086 2142 2151 2247 2333 2343 2550 2615 2635 2657 2722 2736 2772 2845 2864 2900 2913 2940 3115 3116 3150
15025 84 119 163 176 205 940 968 1043 1078 1133 1139 1366 1510 1538 1717 1917 1981 2086 2278 2333 2343 2405 2441 2613 2635 2772 2816 2899 2900 2927 3076 3115 3279 3409 3481 3551
15084 84 117 123 175 759 910 968 1006 1133 1239 1510 1515 1613 1646 1717 1830 1873 1902 1917 2086 2142 2190 2262 2322 2506 2550 2615 2722 2899 2927 3032 3102 3106 3195 3202 3441
15104 297 298 497 637 638 675 708 759 789 790 1001 1126 1133 1221 1366 1405 1553 1558 1648 1823 1890 1987 2086 2219 2343 2381 2550 2736 2786 2790 3102 3115 3247 3382 3393 3401 3409 3421 3448 3451 3553 3615
15145 84 759 1053 1062 1226 1254 1305 1633 1640 1790 1791 1796 1918 2003 2247 2250 2324 2325 2430 2548 2567 2615 2650 2755 2757 2861 2908 2927 2950 3068 3146 3147 3185 3191 3200 3219 3298 3447 3476 3541 3557
15148 84 176 217 694 762 847 899 998 1199 1215 1240 1251 1287 1296 1331 1366 1487 1497 1564 1672 1870 2248 2322 2333 2372 2463 2615 2624 2682 2752 2833 2840 2843 2899 2938 3146 3147 3150 3183 3311 3374 3382 3511 3625
15409 89 140 217 1066 1257 1264 1406 1499 1640 2030 2324 2359 2360 2403 2502 2604 2648 2650 2678 2735 2744 2752 2768 2832 2863 3091 3222 3292 3297 3375 3383 3399 3497 3502 3505 3550 3551 3557
15633 117 555 674 710 759 819 1053 1062 1337 1549 1551 1564 1708 1835 1972 2014 2030 2161 2324 2372 2469 2470 2648 2650 2686 2753 2800 2831 2859 2865 2985 2986 3067 3148 3154 3185 3227 3233 3296 3297 3382 3398 3402 3441 3486
15722 123 282 340 619 733 794 894 910 1066 1137 1222 1354 1406 1409 1606 1640 1672 1972 2011 2030 2324 2359 2567 2674 2735 2752 2768 2785 2792 2805 3005 3147 3297 3381 3399 3408 3441 3497 3507 3550 3551 3557 3633
15765 342 629 725 735 794 819 1062 1066 1254 1262 1263 1457 1458 1538 1607 1708 1921 1972 1981 2011 2030 2057 2090 2247 2324 2481 2502 2548 2650 2705 2708 2736 2780 2821 2829 2928 2940 3038 3146 3185 3191 3311 3341 3457 3506 3634
15769 124 208 573 735 878 942 1113 1305 1378 2067 2078 2183 2324 2358 2359 2360 2361 2362 2403 2567 2735 2802 3058 3068 3138 3146 3147 3185 3197 3233 3259 3292 3297 3302 3310 3341 3382 3447 3457 3458 3505 3550 3551 3552 3557 3624
15898 129 759 794 803 819 1066 1133 1264 1300 1406 1640 1689 1707 1846 1866 2030 2036 2037 2045 2254 2278 2295 2359 2362 2403 2648 2678 2752 2757 2768 2785 2861 2863 2865 2916 2957 3146 3147 3148 3185 3200 3292 3297 3303 3497 3550 3551 3632
15958 129 502 710 759 940 946 1133 1223 1257 1264 1265 1331 1346 1409 1426 1556 1672 1746 1918 2086 2304 2359 2405 2548 2550 2611 2648 2751 2752 2768 2863 2875 2937 3076 3090 3148 3150 3154 3174 3219 3292 3297 3298 3381 3408 3439 3447 3451 3485 3486 3497 3505 3507
15959 129 140 179 208 239 258 261 289 362 710 759 858 921 931 1128 1346 1445 1538 1564 1565 1682 1689 1932 1993 2343 2405 2535 2685 2708 2752 2799 2832 2972 3076 3150 3154 3185 3258 3358 3402 3410 3486 3620
16105 134 794 1606 1640 1689 1942 1972 2030 2078 2250 2324 2358 2359 2360 2362 2372 2412 2459 2735 2755 2783 2859 2866 2908 2916 3037 3038 3054 3146 3147 3219 3292 3297 3375 3382 3383 3384 3391 3408 3445 3541 3550 3551 3552
16276 152 434 491 819 847 1021 1090 1259 1264 1265 1297 1406 1414 1426 1621 1678 1741 1791 1857 1870 2250 2358 2636 2665 2829 2916 2985 3068 3104 3248 3258 3259 3292 3297 3298 3383 3391 3402 3445 3507 3554
16277 152 342 629 1052 1062 1066 1089 1090 1265 1375 1426 1466 1500 1538 1556 1663 1672 1773 1791 1818 1825 1876 1921 1922 1923 1925 1972 2077 2368 2403 2405 2751 2780 2805 2940 3147 3215 3281 3292 3297 3441 3485 3497 3502 3505 3546 3554
16515 201 419 575 783 794 1066 1300 1406 1538 1640 1689 1703 1773 1792 1868 1924 1972 2403 2405 2502 2507 2567 2650 2685 2751 2752 2755 2805 2831 2878 3219 3222 3282 3297 3399 3485 3502 3505 3507 3551
16779 342 629 674 794 839 847 1062 1090 1287 1426 1505 1543 1621 1685 1741 1790 1889 1920 1921 2248 2339 2533 2555 2567 2915 2940 2985 3079 3086 3147 3150 3154 3185 3222 3248 3486 3546 3628
16862 239 267 573 735 819 1062 1071 1076 1414 1419 1523 1538 1594 1682 1835 1979 2030 2057 2058 2372 2390 2457 2462 2645 2650 2735 2752 2797 2831 2840 2859 2866 2938 2956 2972 3068 3172 3185 3233 3297 3302 3311 3402 3511 3516 3632 3633
16888 254 555 735 1016 1221 1406 1457 1458 1621 1640 1850 1857 1870 1881 2009 2030 2254 2359 2360 2412 2624 2636 2650 2661 2678 2739 2752 2768 2784 2893 2928 2983 2984 2985 2986 2994 3038 3078 3219 3292 3302 3383 3506 3557
16943 262 461 911 1053 1066 1079 1215 1252 1388 1458 1466 1483 1589 1606 1668 1689 1889 1942 1988 2009 2011 2018 2030 2247 2495 2548 2669 2761 2778 2813 2831 2833 2859 2863 2866 3058 3066 3068 3089 3093 3146 3330 3382 3391 3625
16990 275 399 819 1064 1242 1406 1409 1414 1458 1511 1523 1606 1640 1682 1684 1942 2011 2030 2078 2252 2324 2360 2573 2735 2739 2752 2829 2862 2866 2908 2938 3037 3038 3068 3126 3185 3210 3375 3384 3399 3402 3445 3457 3486 3506 3541 3550
17075 282 819 1066 1088 1133 1242 1265 1287 1406 1426 1458 1523 1639 1640 1791 1918 2003 2086 2254 2324 2333 2359 2360 2412 2493 2567 2650 2678 2739 2751 2752 2768 2840 2876 3038 3259 3292 3297 3302 3381 3399 3451 3497 3551
17411 342 582 629 725 1066 1113 1257 1263 1264 1300 1337 1523 1543 1553 1682 1689 1708 1870 1921 2030 2194 2247 2368 2403 2405 2588 2736 2739 2751 2780 2785 2829 2866 2908 2938 3107 3146 3185 3219 3271 3296 3302 3363 3401 3402 3447 3502 3506 3507
17488 349 376 399 491 557 584 585 785 797 895 982 1053 1116 1321 1382 1387 1462 1564 1565 1613 1692 1715 1733 1771 1883 1964 2265 2287 2309 2319 2499 2505 2573 2576 2648 2666 2727 2756 2831 2852 2859 3079 3126 3150 3185 3382 3391 3407 3411 3593 3605 3618
17498 355 1062 1066 1265 1300 1414 1538 1689 1790 2052 2067 2103 2250 2273 2324 2339 2403 2405 2502 2735 2755 2805 2866 2916 3107 3146 3183 3219 3259 3292 3301 3310 3408 3452 3457 3458 3485 3497 3541 3550 3554
17586 400 508 509 819 1062 1201 1232 1242 1300 1305 1497 1523 1672 1682 1850 1853 1860 1876 1877 1918 1942 1949 1972 2003 2057 2250 2252 2295 2726 2752 2757 2805 2829 2928 2938 3068 3185 3200 3219 3222 3298 3311 3379 3447 3541
17613 721 790 819 1062 1071 1257 1264 1457 1500 1523 1556 1577 1672 1674 1682 1689 1873 1982 2057 2067 2078 2294 2441 2533 2768 2776 2792 2829 2840 2938 2950 3068 3104 3134 3193 3197 3219 3298 3310 3402 3447 3497 3553
17671 436 894 1066 1251 1263 1264 1265 1402 1458 1539 1562 1621 1685 1689 1708 2011 2067 2295 2324 2368 2405 2502 2635 2752 2772 2816 2828 2864 2869 2908 2983 2985 3037 3038 3195 3220 3222 3248 3292 3310 3341 3381 3457 3497 3550 3552 3624
17689 448 460 759 794 882 934 1028 1071 1240 1296 1378 1510 1564 1607 1689 1717 1822 1830 1953 2206 2267 2295 2322 2325 2341 2358 2393 2470 2550 2784 2840 2843 2863 2864 2866 2966 2983 2985 3089 3107 3183 3248 3292 3297 3301 3310 3441 3445 3504 3505
17776 508 819 1043 1113 1225 1263 1264 1265 1296 1375 1409 1523 1538 1682 1685 1791 1853 1860 1876 1949 2210 2252 2295 2533 2555 2650 2757 2785 2829 2862 2915 2950 3068 3185 3193 3302 3376 3379 3402 3497 3541
17846 595 794 819 1066 1264 1265 1523 1538 1640 1672 1682 1972 2067 2250 2403 2405 2502 2567 2650 2736 2751 2752 2755 2790 2802 2805 2845 2863 2938 3058 3068 3219 3222 3292 3298 3382 3393 3399 3485 3502 3505 3506 3507 3541 3557
17975 751 794 801 894 1066 1225 1263 1412 1444 1457 1523 1556 1621 1672 1685 1758 1814 1853 1860 1876 1918 1949 2057 2077 2210 2264 2339 2372 2405 2533 2661 2768 2785 2813 2859 2861 2876 2928 2985 3219 3302 3311 3382 3447 3497 3506 3620
18013 759 813 897 1201 1226 1312 1458 1606 1633 1685 2011 2030 2057 2067 2078 2086 2090 2250 2341 2344 2359 2360 2548 2678 2755 2783 2822 2876 2908 2912 2916 3037 3038 3054 3147 3259 3302 3383 3399 3402 3408 3445 3457 3550 3554 3557
18046 1066 1071 1264 1265 1406 1497 1606 1689 1942 1972 2250 2254 2324 2358 2359 2360 2459 2567 2650 2678 2755 2783 2784 2866 2916 3037 3038 3146 3292 3381 3383 3399 3445 3505 3507 3551
18098 1406 1414 1458 1466 1497 1606 1640 1689 1942 1972 2011 2030 2067 2250 2324 2358 2359 2360 2362 2459 2502 2678 2735 2752 2755 2783 2863 2866 3037 3038 3146 3147 3219 3259 3292 3297 3375 3381 3384 3399 3445 3550 3551 3554 3557
18124 794 1265 1414 1640 1853 2210 2250 2324 2360 2362 2403 2533 2567 2735 2751 2752 2784 2863 2938 3040 3107 3149 3183 3197 3222 3292 3297 3310 3375 3376 3408 3445 3457 3458 3485 3502 3505 3506 3507 3550 3552 3557
18163 794 1066 1071 1113 1242 1409 1414 1606 1640 1672 1684 1685 1791 1853 1870 1979 2030 2078 2250 2254 2341 2344 2358 2502 2567 2678 2755 2768 2784 2802 2865 2908 3054 3104 3259 3292 3297 3298 3302 3376 3384 3399 3445 3497 3551 3557 3632
18190 794 1062 1066 1076 1242 1265 1378 1414 1426 1607 1850 1984 2003 2077 2090 2295 2341 2358 2359 2360 2362 2403 2567 2784 2785 2860 3183 3259 3297 3301 3310 3375 3379 3399 3458 3485 3502 3504 3505 3507 3550 3551 3552 3624
18230 794 1265 1426 1458 1606 1640 1979 2011 2030 2067 2254 2295 2324 2344 2360 2362 2405 2459 2502 2567 2678 2735 2750 2752 2768 2785 2805 2866 3038 3146 3147 3219 3222 3259 3297 3375 3381 3383 3399 3445 3502 3507 3550 3551 3552 3554
18232 794 1066 1071 1257 1300 1406 1414 1458 1640 1689 2011 2030 2078 2090 2324 2358 2359 2360 2362 2403 2412 2459 2502 2678 2735 2739 2768 2866 3038 3040 3054 3146 3147 3219 3222 3292 3297 3375 3383 3384 3399 3402 3408 3445 3458 3505 3507 3541 3550 3551 3557
18275 794 1076 1201 1242 1257 1264 1406 1414 1466 1640 1942 1972 2011 2030 2057 2067 2078 2250 2254 2344 2358 2359 2360 2362 2459 2502 2567 2678 2755 2866 2876 2908 3038 3147 3222 3259 3297 3376 3381 3383 3384 3399 3541 3550 3554
18292 794 1066 1071 1257 1264 1265 1300 1406 1640 2030 2078 2254 2324 2359 2362 2403 2502 2650 2678 2755 2768 2784 2863 2916 3038 3054 3146 3219 3222 3292 3301 3375 3383 3384 3399 3497 3507 3550 3552 3554 3557
18308 794 1066 1264 1265 1406 1414 1640 1689 1972 1979 2011 2030 2254 2359 2360 2362 2405 2459 2502 2567 2650 2735 2751 2752 2866 2950 3038 3222 3259 3292 3375 3381 3399 3408 3502 3507 3551 3557
18326 794 1201 1305 1466 1497 1606 1640 1689 1942 1972 2011 2067 2078 2324 2344 2358 2359 2362 2409 2412 2502 2567 2678 2735 2752 2768 2866 3038 3146 3219 3222 3259 3292 3297 3302 3375 3381 3399 3445 3504 3507 3550 3552 3554
18495 794 839 1066 1251 1264 1406 1426 1556 1606 1640 1689 1972 2000 2009 2030 2324 2325 2360 2364 2405 2459 2548 2678 2735 2739 2752 2816 2866 3146 3195 3292 3297 3301 3381 3383 3399 3408 3445 3507 3550 3557
18552 794 819 1300 1406 1416 1458 1497 1523 1606 1640 1972 1979 2003 2009 2210 2250 2254 2324 2344 2359 2360 2533 2678 2755 2757 2783 2785 2805 2950 3039 3040 3068 3200 3222 3259 3292 3383 3399 3402 3506 3551 3552 3554
18568 794 1257 1264 1265 1300 1406 1457 1458 1466 1640 1689 1942 1972 2011 2030 2250 2254 2324 2359 2360 2362 2405 2412 2459 2502 2650 2678 2735 2751 2752 2755 2784 2866 3038 3054 3146 3219 3222 3259 3292 3297 3381 3383 3502 3507 3541 3550 3551 3552
18580 1113 1257 1265 1300 1406 1426 1458 1466 1556 1606 1640 1672 1689 1942 1972 1979 2009 2358 2360 2362 2405 2412 2459 2548 2678 2735 2739 2752 2755 2866 3038 3146 3219 3292 3297 3399 3408 3445 3485 3497 3502 3505 3507 3550 3557
18593 1066 1257 1264 1265 1300 1406 1458 1466 1606 1640 1689 1942 1972 1979 2009 2011 2030 2250 2324 2359 2360 2405 2412 2459 2502 2548 2650 2678 2739 2752 2866 3054 3146 3147 3219 3292 3297 3301 3408 3445 3497 3502 3507 3550 3551 3557
18677 1066 1242 1406 1414 1606 1640 1684 1870 1876 1979 2009 2030 2078 2344 2360 2502 2567 2735 2755 2757 2783 2785 2802 2863 3310 3375 3376 3384 3445 3499 3541 3550 3557 3624
18694 794 1201 1265 1305 1466 1633 1640 1672 1689 1942 1972 2011 2030 2078 2358 2359 2360 2362 2403 2409 2412 2502 2567 2650 2678 2735 2739 2752 2768 2863 2916 3038 3259 3292 3399 3445 3504 3550 3551 3554 3557
18723 794 1066 1113 1257 1264 1265 1300 1406 1466 1538 1606 1640 1689 1870 1942 2011 2254 2358 2359 2360 2403 2405 2502 2548 2567 2678 2752 2755 2784 2805 2866 3038 3054 3292 3297 3381 3383 3384 3399 3505 3507 3557
18737 794 1071 1201 1265 1406 1409 1458 1497 1640 1791 1870 1942 1972 1979 2030 2250 2254 2344 2358 2359 2360 2459 2650 2678 2735 2783 2784 2866 2916 3038 3054 3146 3147 3222 3292 3297 3375 3381 3384 3399 3506 3507 3550 3551 3557 3632
18751 794 1066 1257 1264 1265 1406 1458 1466 1556 1606 1640 1672 1972 2009 2030 2324 2358 2359 2403 2405 2459 2650 2735 2739 2752 2755 2768 2866 3038 3146 3147 3219 3297 3301 3375 3381 3383 3384 3399 3402 3408 3445 3485 3497 3505 3507 3550 3557
18752 794 1257 1264 1265 1426 1458 1556 1606 1672 1689 1942 2009 2030 2324 2344 2359 2360 2362 2403 2405 2459 2650 2678 2735 2739 2752 2755 2768 2866 3038 3146 3219 3292 3297 3301 3381 3383 3399 3402 3485 3497 3502 3505 3507 3550 3557
18753 1066 1257 1264 1406 1426 1458 1556 1640 1672 1942 1972 1979 2009 2030 2324 2358 2359 2360 2362 2502 2650 2678 2735 2739 2752 2768 2866 3146 3292 3301 3383 3384 3485 3497 3502 3507 3550 3557
18754 794 1066 1257 1264 1265 1406 1426 1458 1556 1640 1689 1942 2009 2030 2324 2358 2359 2360 2362 2403 2405 2459 2650 2678 2735 2739 2752 2755 2863 3038 3146 3292 3301 3381 3383 3399 3402 3408 3445 3485 3502 3507 3550 3557
18755 794 1066 1264 1265 1426 1458 1466 1606 1640 1672 1972 1979 2009 2324 2358 2359 2360 2362 2403 2405 2459 2650 2735 2739 2752 2755 2863 3038 3146 3219 3292 3297 3301 3375 3381 3383 3384 3399 3408 3445 3485 3497 3502 3507 3550 3557
18762 794 1066 1257 1264 1265 1300 1406 1458 1606 1640 1689 1942 1972 2009 2250 2324 2359 2360 2362 2405 2459 2650 2678 2735 2752 2755 2866 3038 3146 3219 3292 3297 3301 3375 3381 3383 3408 3445 3497 3504 3507 3550 3557
18769 1066 1257 1264 1265 1406 1458 1466 1633 1640 1689 1942 1972 2324 2358 2359 2360 2362 2405 2412 2459 2502 2650 2678 2735 2751 2863 2866 3054 3146 3219 3222 3259 3292 3297 3375 3381 3383 3399 3408 3445 3502 3550 3551 3552 3554 3557
18770 794 1066 1257 1265 1406 1414 1458 1466 1538 1942 1972 2030 2250 2324 2344 2359 2360 2362 2412 2459 2502 2650 2735 2755 2863 2866 3038 3146 3219 3222 3259 3292 3297 3381 3383 3399 3497 3502 3507 3550 3551 3554
18774 794 1066 1257 1264 1265 1406 1458 1640 1689 1942 1972 2011 2030 2254 2324 2359 2360 2362 2405 2412 2459 2650 2678 2751 2752 2784 2863 3038 3054 3146 3219 3222 3259 3297 3375 3381 3383 3399 3497 3507 3541 3551 3552 3557
18784 794 1264 1265 1300 1414 1458 1640 1689 1942 2011 2030 2250 2254 2324 2360 2362 2405 2412 2459 2502 2650 2678 2735 2751 2752 2755 2768 2863 2950 3038 3054 3146 3219 3222 3259 3292 3297 3375 3383 3497 3541 3550 3552 3554 3557
18811 794 1062 1066 1071 1076 1113 1242 1300 1414 1684 1850 1979 2078 2254 2295 2341 2358 2359 2360 2361 2362 2678 2757 2783 2784 2785 2840 2863 2866 2876 2908 3038 3040 3107 3183 3259 3292 3297 3376 3381 3384 3504 3541 3550 3551 3552 3554 3624 3632
18813 794 819 1066 1071 1201 1264 1265 1406 1409 1497 1606 1640 1682 1870 1979 2030 2250 2252 2324 2344 2359 2360 2372 2409 2502 2567 2678 2753 2755 2783 2831 2866 2938 3038 3054 3068 3146 3147 3149 3222 3292 3296 3298 3382 3384 3399 3505 3507 3550 3557
18851 819 1062 1090 1263 1406 1416 1523 1538 1606 1646 1682 1685 1791 1942 1972 2030 2057 2405 2650 2678 2735 2757 2805 2829 2840 2866 2928 2937 2938 3040 3149 3185 3219 3302 3310 3311 3384 3399 3402 3408 3447 3497 3507 3511 3541
18863 794 1066 1076 1226 1242 1264 1406 1689 1942 1979 2003 2324 2341 2360 2362 2412 2650 2735 2755 2784 2840 2862 2863 2866 2876 3038 3107 3259 3292 3297 3376 3383 3399 3408 3458 3502 3504 3506 3507 3511 3550 3552 3554 3624
18888 1201 1264 1265 1300 1406 1458 1497 1633 1640 1689 1972 1979 2011 2250 2358 2359 2360 2362 2412 2459 2548 2567 2650 2752 2755 2863 2866 3146 3147 3219 3292 3297 3375 3381 3384 3399 3408 3445 3458 3504 3505 3507 3550 3552 3557
18909 794 1066 1071 1076 1201 1226 1264 1305 1409 1414 1606 1640 1689 1791 2030 2090 2250 2254 2360 2502 2678 2739 2783 2866 2908 3038 3054 3068 3183 3185 3259 3292 3297 3302 3381 3399 3402 3458 3505 3551 3632
18939 794 1113 1300 1305 1406 1466 1497 1606 1640 1689 1918 1942 1972 2011 2030 2067 2078 2324 2344 2358 2359 2362 2412 2502 2567 2650 2752 2768 2783 2863 2866 2916 3038 3054 3146 3219 3222 3292 3399 3445 3504 3507 3550 3551 3552 3554 3557 3624
19022 1062 1071 1113 1257 1300 1406 1685 1850 1949 2011 2250 2252 2295 2358 2359 2360 2362 2403 2405 2459 2751 2752 2755 2805 2916 3040 3098 3183 3193 3259 3297 3301 3311 3383 3384 3485 3497 3505 3551 3557 3632
19029 819 1071 1406 1457 1458 1606 1607 1640 1672 1689 1972 1979 2011 2030 2067 2254 2344 2362 2405 2412 2459 2650 2678 2735 2739 2751 2752 2755 2768 2783 2866 3038 3068 3146 3147 3185 3219 3259 3297 3302 3375 3381 3384 3505 3507 3551 3557
19038 819 1062 1066 1354 1414 1458 1606 1635 1682 1790 1942 1972 2003 2008 2030 2324 2502 2548 2567 2650 2685 2735 2739 2833 2840 2866 2908 2937 3037 3038 3068 3086 3146 3185 3222 3311 3399 3402 3546 3550
19050 1062 1409 1457 1458 1511 1523 1606 1640 1672 1682 1685 1689 1790 1942 2003 2011 2057 2090 2210 2344 2405 2533 2768 2783 2805 2829 2876 2908 3037 3038 3104 3183 3219 3298 3310 3311 3447 3457 3497 3551 3554
19052 819 1113 1225 1226 1263 1305 1409 1412 1426 1458 1497 1538 1640 1672 1682 1685 1689 1791 1853 1942 1949 2030 2090 2210 2250 2252 2430 2567 2650 2735 2739 2805 2829 2840 2866 3037 3054 3147 3185 3193 3302 3311 3375 3402 3458 3505 3541 3550 3551
19063 819 1062 1066 1071 1409 1414 1416 1523 1556 1633 1682 1791 1853 1949 2003 2078 2341 2413 2650 2776 2783 2784 2805 2840 2863 2866 2876 2908 2928 3037 3039 3104 3147 3222 3297 3302 3310 3447 3541 3550
19093 1053 1076 1265 1406 1457 1458 1640 1689 1942 1972 1979 2011 2254 2324 2344 2359 2360 2372 2405 2412 2567 2678 2739 2751 2752 2755 2768 2783 2908 3037 3038 3146 3147 3219 3292 3302 3375 3381 3383 3505 3507 3551
19132 1062 1066 1113 1242 1264 1300 1414 1426 1466 1538 1558 1850 1959 1972 1979 2295 2341 2358 2359 2360 2361 2362 2405 2412 2459 2548 2550 2650 2739 2755 2785 2805 2860 2938 3040 3054 3147 3219 3292 3297 3301 3408 3458 3485 3502 3506 3511 3551 3557 3624
19154 1062 1257 1414 1458 1511 1523 1538 1689 2011 2057 2067 2344 2358 2360 2403 2459 2502 2650 2735 2863 2876 3054 3068 3107 3146 3183 3185 3197 3292 3297 3301 3311 3375 3383 3384 3402 3408 3458 3485 3497 3502 3505 3506 3507 3550 3552 3554 3624
19163 1062 1066 1113 1426 1466 1511 1523 1538 1689 1850 2011 2057 2067 2210 2295 2324 2360 2362 2459 2739 2752 2768 2802 2829 2840 2938 3068 3147 3183 3185 3197 3302 3376 3381 3402 3445 3447 3457 3458 3511 3546 3550 3551 3554 3557 3624
19167 1066 1257 1300 1406 1414 1458 1466 1606 1621 1689 1972 1979 2030 2254 2359 2362 2405 2459 2502 2650 2678 2751 2755 2805 2866 2916 2950 2985 2986 3038 3292 3297 3375 3381 3383 3384 3399 3408 3445 3502 3507 3551 3557
19173 1066 1076 1414 1458 1606 1672 1689 1791 1942 2324 2341 2344 2358 2360 2502 2735 2783 2784 2802 2829 2863 3037 3068 3183 3185 3197 3297 3301 3302 3310 3343 3399 3402 3408 3458 3502 3505 3507 3550 3552
19186 1071 1113 1409 1414 1606 1791 1942 2067 2078 2090 2250 2341 2344 2362 2502 2650 2783 2784 2860 2866 2916 3038 3107 3146 3183 3185 3259 3292 3297 3301 3384 3399 3402 3408 3445 3458 3505 3550 3551 3632
19195 1071 1242 1406 1414 1458 1497 1606 1942 1979 2011 2030 2067 2078 2250 2254 2344 2358 2359 2362 2459 2678 2735 2776 2783 2916 3037 3038 3054 3068 3107 3147 3185 3259 3302 3381 3383 3384 3399 3402 3445 3457 3541 3550 3551 3632
19199 1071 1076 1242 1300 1406 1414 1458 1538 1640 1870 1918 2078 2254 2295 2324 2344 2358 2362 2502 2735 2776 2783 2785 2829 2840 2866 2908 2938 3037 3038 3039 3149 3302 3384 3402 3445 3511 3541 3632
19203 1076 1265 1409 1457 1458 1466 1500 1556 1685 1942 2011 2057 2210 2254 2295 2405 2533 2768 2829 2861 2863 2908 2916 2928 2950 3104 3193 3197 3219 3298 3310 3311 3447 3457 3458 3497 3502 3504 3506 3550 3551 3552 3554
19225 1265 1378 1406 1414 1458 1497 1640 1689 2057 2067 2250 2358 2360 2362 2405 2459 2502 2678 2752 2768 2805 2832 3038 3039 3107 3146 3147 3183 3219 3222 3259 3297 3381 3399 3458 3485 3502 3504 3507 3550 3551 3554
