129 2
129 14
129 28
129 214
129 267
129 356
129 484
129 498
129 527
129 596
129 605
129 672
129 760
129 912
129 1049
129 1231
129 1333
129 1442
129 1562
129 1598
129 1659
129 1867
129 2209
129 2213
129 2243
129 2246
129 2410
129 2685
129 2817
129 2985
129 2986
129 3025
129 3065
129 3106
129 3184
129 3202
129 3218
129 3286
129 3323
129 3371
129 3435
129 3453
129 3459
129 3524
129 3527
129 3604
199 2
199 89
199 176
199 530
199 1062
199 1201
199 1220
199 1265
199 1286
199 1409
199 1510
199 1796
199 1850
199 2057
199 2067
199 2333
199 2343
199 2372
199 2519
199 2520
199 2540
199 2550
199 2615
199 2648
199 2698
199 2767
199 2785
199 2820
199 2843
199 3037
199 3146
199 3149
199 3191
199 3382
199 3409
199 3502
199 3505
199 3507
365 2
365 163
365 176
365 957
365 968
365 1090
365 1133
365 1232
365 1251
365 1296
365 1457
365 1458
365 1510
365 1639
365 1689
365 1717
365 1822
365 1849
365 1917
365 2057
365 2278
365 2322
365 2325
365 2482
365 2506
365 2550
365 2657
365 2722
365 2832
365 2900
365 3032
365 3054
365 3102
365 3115
365 3183
365 3189
365 3382
365 3384
365 3409
365 3451
365 3457
365 3458
365 3504
365 3521
365 3605
365 3615
2106 48
2106 66
2106 201
2106 340
2106 357
2106 419
2106 450
2106 463
2106 478
2106 575
2106 899
2106 970
2106 1023
2106 1064
2106 1130
2106 1135
2106 1168
2106 1319
2106 1326
2106 1566
2106 1614
2106 1643
2106 1661
2106 1703
2106 1773
2106 1922
2106 1933
2106 1994
2106 2232
2106 2239
2106 2280
2106 2326
2106 2387
2106 2472
2106 2507
2106 2797
2106 3063
2106 3082
2106 3265
2106 3523
2954 11
2954 119
2954 460
2954 759
2954 787
2954 813
2954 867
2954 934
2954 1006
2954 1019
2954 1133
2954 1220
2954 1233
2954 1287
2954 1617
2954 1717
2954 1718
2954 1849
2954 1853
2954 1953
2954 1987
2954 1994
2954 2036
2954 2086
2954 2142
2954 2482
2954 2550
2954 2615
2954 2685
2954 2686
2954 2764
2954 2770
2954 2829
2954 2900
2954 2966
2954 3032
2954 3068
2954 3102
2954 3115
2954 3189
2954 3279
2954 3323
2954 3409
2954 3421
2954 3451
2954 3506
3760 11
3760 31
3760 139
3760 460
3760 867
3760 928
3760 934
3760 1006
3760 1019
3760 1147
3760 1240
3760 1287
3760 1510
3760 1564
3760 1617
3760 1723
3760 1849
3760 1919
3760 1953
3760 2262
3760 2298
3760 2300
3760 2322
3760 2372
3760 2482
3760 2506
3760 2511
3760 2550
3760 2615
3760 2736
3760 2843
3760 2899
3760 2966
3760 3032
3760 3076
3760 3154
3760 3189
3760 3314
3760 3382
3760 3398
3760 3409
3760 3421
3760 3441
4398 14
4398 28
4398 148
4398 149
4398 155
4398 275
4398 353
4398 779
4398 785
4398 847
4398 1021
4398 1089
4398 1090
4398 1232
4398 1442
4398 1619
4398 1621
4398 1646
4398 1659
4398 1814
4398 1818
4398 1825
4398 1920
4398 1995
4398 2213
4398 2234
4398 2401
4398 2410
4398 2456
4398 2497
4398 2665
4398 2970
4398 2977
4398 2985
4398 2986
4398 3043
4398 3219
4398 3257
4398 3258
4398 3417
4398 3502
4398 3527
4398 3593
4398 3603
4398 3605
4564 14
4564 45
4564 82
4564 214
4564 216
4564 282
4564 342
4564 353
4564 368
4564 392
4564 524
4564 629
4564 674
4564 682
4564 724
4564 725
4564 749
4564 876
4564 1028
4564 1078
4564 1090
4564 1139
4564 1158
4564 1766
4564 1818
4564 1835
4564 1857
4564 1881
4564 1948
4564 1994
4564 2438
4564 2476
4564 2585
4564 2592
4564 2780
4564 2813
4564 2820
4564 2940
4564 2970
4564 2972
4564 2994
4564 3084
4564 3358
4738 14
4738 342
4738 674
4738 710
4738 725
4738 753
4738 889
4738 958
4738 990
4738 1062
4738 1090
4738 1098
4738 1287
4738 1300
4738 1402
4738 1409
4738 1416
4738 1457
4738 1538
4738 1550
4738 1565
4738 1672
4738 1690
4738 1921
4738 2002
4738 2009
4738 2248
4738 2368
4738 2548
4738 2552
4738 2736
4738 2751
4738 2752
4738 2780
4738 2805
4738 2813
4738 2828
4738 2833
4738 2863
4738 2940
4738 3079
4738 3148
4738 3150
4738 3154
4738 3215
4738 3219
4738 3402
4738 3502
4738 3507
5223 14
5223 28
5223 44
5223 214
5223 353
5223 513
5223 819
5223 847
5223 1021
5223 1113
5223 1262
5223 1263
5223 1265
5223 1297
5223 1331
5223 1457
5223 1523
5223 1556
5223 1685
5223 1853
5223 1876
5223 2252
5223 2279
5223 2295
5223 2368
5223 2438
5223 2469
5223 2533
5223 2768
5223 2805
5223 2833
5223 2865
5223 2928
5223 2938
5223 2985
5223 3079
5223 3104
5223 3184
5223 3193
5223 3215
5223 3219
5223 3297
5223 3298
5223 3310
5223 3447
5223 3497
6024 20
6024 277
6024 342
6024 379
6024 381
6024 463
6024 508
6024 509
6024 629
6024 725
6024 743
6024 872
6024 912
6024 918
6024 1053
6024 1059
6024 1083
6024 1336
6024 1338
6024 1340
6024 1344
6024 1402
6024 1464
6024 1482
6024 1531
6024 1543
6024 1830
6024 2161
6024 2247
6024 2377
6024 2378
6024 2490
6024 2497
6024 2613
6024 2637
6024 2741
6024 2780
6024 2830
6024 2932
6024 2952
6024 2991
6024 3025
6024 3026
6024 3398
6024 3416
6024 3419
6024 3598
6271 20
6271 31
6271 331
6271 463
6271 539
6271 604
6271 699
6271 759
6271 970
6271 1016
6271 1023
6271 1053
6271 1089
6271 1090
6271 1133
6271 1251
6271 1287
6271 1319
6271 1465
6271 1646
6271 1717
6271 1922
6271 2086
6271 2232
6271 2256
6271 2372
6271 2471
6271 2493
6271 2506
6271 2550
6271 2781
6271 2831
6271 2850
6271 2983
6271 2985
6271 3248
6271 3451
6984 23
6984 80
6984 114
6984 117
6984 192
6984 243
6984 286
6984 366
6984 423
6984 445
6984 452
6984 489
6984 524
6984 528
6984 676
6984 716
6984 844
6984 1083
6984 1324
6984 1326
6984 1353
6984 1362
6984 1387
6984 1463
6984 1466
6984 1538
6984 1613
6984 1772
6984 1821
6984 1972
6984 2239
6984 2505
6984 2805
6984 2852
6984 2860
6984 2923
6984 2949
6984 2965
6984 3010
6984 3033
6984 3079
7486 28
7486 847
7486 1062
7486 1066
7486 1089
7486 1090
7486 1242
7486 1257
7486 1264
7486 1297
7486 1300
7486 1409
7486 1538
7486 1565
7486 1633
7486 1672
7486 1682
7486 1689
7486 1853
7486 1870
7486 1920
7486 1972
7486 2078
7486 2254
7486 2294
7486 2548
7486 2757
7486 2802
7486 2840
7486 2865
7486 2983
7486 2985
7486 2986
7486 3068
7486 3185
7486 3219
7486 3222
7486 3233
7486 3292
7486 3447
7486 3554
7514 28
7514 400
7514 794
7514 1066
7514 1300
7514 1538
7514 1549
7514 1606
7514 1640
7514 1689
7514 1875
7514 1876
7514 1972
7514 2009
7514 2030
7514 2077
7514 2295
7514 2359
7514 2360
7514 2459
7514 2502
7514 2548
7514 2567
7514 2678
7514 2726
7514 2752
7514 2755
7514 2785
7514 2863
7514 2864
7514 3038
7514 3146
7514 3292
7514 3383
7514 3399
7514 3408
7514 3445
7514 3502
7514 3505
7514 3506
7514 3507
7514 3551
7528 28
7528 794
7528 819
7528 905
7528 1053
7528 1201
7528 1226
7528 1406
7528 1457
7528 1458
7528 1466
7528 1497
7528 1606
7528 1942
7528 1972
7528 2030
7528 2210
7528 2254
7528 2372
7528 2413
7528 2533
7528 2678
7528 2736
7528 2752
7528 2755
7528 2784
7528 2805
7528 2829
7528 2833
7528 2866
7528 2970
7528 3185
7528 3383
7528 3399
7528 3402
7528 3408
7528 3445
7528 3504
7528 3506
7528 3541
7528 3632
7906 28
7906 117
7906 725
7906 759
7906 1090
7906 1217
7906 1257
7906 1264
7906 1354
7906 1402
7906 1409
7906 1505
7906 1646
7906 1689
7906 1814
7906 1818
7906 2009
7906 2011
7906 2250
7906 2324
7906 2364
7906 2412
7906 2635
7906 2755
7906 2768
7906 2780
7906 2784
7906 2836
7906 2844
7906 2940
7906 2970
7906 3038
7906 3219
7906 3248
7906 3292
7906 3381
7906 3447
7906 3497
7906 3511
7906 3541
7906 3552
7906 3557
8106 28
8106 31
8106 49
8106 129
8106 130
8106 142
8106 214
8106 275
8106 358
8106 491
8106 710
8106 794
8106 839
8106 847
8106 862
8106 942
8106 943
8106 1062
8106 1089
8106 1265
8106 1287
8106 1296
8106 1297
8106 1343
8106 1814
8106 1920
8106 1922
8106 2364
8106 2573
8106 2635
8106 2736
8106 2767
8106 2797
8106 2805
8106 2816
8106 2864
8106 2983
8106 2985
8106 2986
8106 3079
8106 3126
8106 3145
8106 3148
8106 3154
8106 3219
8106 3248
8106 3486
8107 31
8107 49
8107 129
8107 142
8107 214
8107 275
8107 358
8107 491
8107 710
8107 839
8107 847
8107 862
8107 942
8107 943
8107 1062
8107 1089
8107 1090
8107 1297
8107 1343
8107 1678
8107 1920
8107 1922
8107 2364
8107 2573
8107 2635
8107 2797
8107 2805
8107 2816
8107 2864
8107 2983
8107 2985
8107 2986
8107 3079
8107 3145
8107 3148
8107 3154
8107 3248
8107 3486
8107 3593
8658 30
8658 384
8658 708
8658 943
8658 1053
8658 1062
8658 1221
8658 1346
8658 1405
8658 1409
8658 1426
8658 1511
8658 2003
8658 2057
8658 2067
8658 2250
8658 2360
8658 2362
8658 2403
8658 2405
8658 2459
8658 2567
8658 2735
8658 2821
8658 2840
8658 3054
8658 3145
8658 3146
8658 3147
8658 3219
8658 3292
8658 3302
8658 3384
8658 3393
8658 3447
8658 3502
8658 3507
8658 3511
8658 3546
8658 3557
8658 3593
8658 3603
8658 3604
8658 3605
8658 3613
8658 3615
8658 3624
8759 30
8759 31
8759 84
8759 89
8759 176
8759 263
8759 759
8759 813
8759 896
8759 998
8759 1133
8759 1221
8759 1283
8759 1287
8759 1331
8759 1564
8759 1617
8759 1639
8759 1717
8759 1822
8759 1851
8759 2142
8759 2278
8759 2298
8759 2364
8759 2482
8759 2550
8759 2579
8759 2648
8759 2657
8759 2686
8759 2698
8759 2859
8759 2899
8759 2900
8759 3102
8759 3279
8759 3287
8759 3412
8759 3451
8759 3579
8840 794
8840 1053
8840 1062
8840 1071
8840 1090
8840 1113
8840 1240
8840 1296
8840 1538
8840 1564
8840 1791
8840 1853
8840 1918
8840 2057
8840 2322
8840 2324
8840 2325
8840 2403
8840 2506
8840 2548
8840 2550
8840 2615
8840 2635
8840 2736
8840 2752
8840 2805
8840 2840
8840 2843
8840 2864
8840 2915
8840 2938
8840 2950
8840 2983
8840 2985
8840 3054
8840 3076
8840 3197
8840 3200
8840 3219
8840 3248
8840 3292
8840 3297
8840 3301
8840 3310
8840 3408
8840 3457
8840 3458
8840 3632
8965 31
8965 430
8965 759
8965 968
8965 1053
8965 1066
8965 1090
8965 1240
8965 1251
8965 1257
8965 1264
8965 1265
8965 1296
8965 1300
8965 1406
8965 1466
8965 1606
8965 1942
8965 1972
8965 2030
8965 2254
8965 2278
8965 2359
8965 2403
8965 2405
8965 2502
8965 2567
8965 2635
8965 2650
8965 2752
8965 2755
8965 2783
8965 2816
8965 2843
8965 2866
8965 3248
8965 3259
8965 3292
8965 3399
8965 3451
8965 3497
8965 3505
8965 3507
8965 3551
8965 3557
9094 31
9094 117
9094 142
9094 275
9094 358
9094 839
9094 847
9094 1090
9094 1113
9094 1201
9094 1240
9094 1296
9094 1297
9094 1305
9094 1409
9094 1497
9094 1607
9094 1633
9094 2015
9094 2250
9094 2360
9094 2364
9094 2412
9094 2573
9094 2635
9094 2768
9094 2813
9094 2815
9094 2843
9094 2859
9094 2864
9094 3104
9094 3107
9094 3248
9094 3259
9094 3297
9094 3298
9094 3445
9094 3504
9094 3593
9094 3632
9135 31
9135 49
9135 129
9135 142
9135 214
9135 255
9135 261
9135 347
9135 430
9135 431
9135 499
9135 623
9135 736
9135 759
9135 812
9135 839
9135 847
9135 943
9135 1090
9135 1123
9135 1246
9135 1296
9135 1297
9135 1346
9135 1351
9135 1366
9135 1450
9135 1719
9135 2535
9135 2635
9135 2639
9135 2705
9135 2736
9135 2767
9135 2815
9135 2816
9135 2843
9135 2864
9135 2891
9135 2937
9135 3030
9135 3248
9135 3346
9135 3369
9135 3431
9135 3451
9135 3460
9135 3501
9154 31
9154 84
9154 265
9154 710
9154 759
9154 839
9154 889
9154 1090
9154 1262
9154 1287
9154 1346
9154 1351
9154 1366
9154 1371
9154 1646
9154 1717
9154 1825
9154 2000
9154 2142
9154 2550
9154 2615
9154 2635
9154 2686
9154 2833
9154 2844
9154 2985
9154 3102
9154 3117
9154 3150
9154 3154
9154 3248
9154 3323
9154 3451
9154 3486
9257 31
9257 794
9257 1066
9257 1240
9257 1251
9257 1257
9257 1264
9257 1296
9257 1406
9257 1458
9257 1640
9257 1689
9257 2011
9257 2030
9257 2254
9257 2324
9257 2325
9257 2359
9257 2360
9257 2362
9257 2412
9257 2550
9257 2635
9257 2678
9257 2752
9257 2767
9257 2816
9257 2843
9257 2863
9257 3146
9257 3219
9257 3222
9257 3297
9257 3298
9257 3341
9257 3375
9257 3381
9257 3383
9257 3497
9257 3502
9257 3507
9257 3550
9257 3551
9257 3554
9257 3557
9282 31
9282 1062
9282 1071
9282 1201
9282 1240
9282 1406
9282 1409
9282 1511
9282 1640
9282 1682
9282 2003
9282 2057
9282 2358
9282 2359
9282 2405
9282 2493
9282 2567
9282 2650
9282 2678
9282 2739
9282 2752
9282 2821
9282 2829
9282 2833
9282 2843
9282 2916
9282 3068
9282 3076
9282 3179
9282 3185
9282 3302
9282 3376
9282 3383
9282 3384
9282 3447
9282 3458
9282 3506
9282 3507
9282 3546
9399 31
9399 49
9399 839
9399 847
9399 937
9399 1006
9399 1090
9399 1240
9399 1287
9399 1297
9399 1402
9399 1538
9399 1556
9399 1564
9399 1617
9399 1672
9399 1741
9399 1790
9399 1791
9399 1849
9399 1876
9399 2142
9399 2325
9399 2364
9399 2405
9399 2482
9399 2506
9399 2635
9399 2686
9399 2736
9399 2772
9399 2805
9399 2843
9399 2864
9399 2985
9399 3032
9399 3068
9399 3145
9399 3148
9399 3150
9399 3154
9399 3185
9399 3248
9399 3384
9399 3402
9399 3486
9399 3579
9528 31
9528 794
9528 1066
9528 1242
9528 1251
9528 1264
9528 1265
9528 1414
9528 1640
9528 1689
9528 1972
9528 2009
9528 2254
9528 2295
9528 2322
9528 2324
9528 2325
9528 2341
9528 2358
9528 2360
9528 2403
9528 2405
9528 2502
9528 2506
9528 2548
9528 2678
9528 2752
9528 2802
9528 2863
9528 2866
9528 3038
9528 3146
9528 3259
9528 3279
9528 3292
9528 3297
9528 3301
9528 3376
9528 3399
9528 3485
9528 3502
9528 3504
9528 3507
9528 3551
9640 38
9640 710
9640 819
9640 898
9640 1062
9640 1066
9640 1071
9640 1264
9640 1287
9640 1300
9640 1336
9640 1343
9640 1346
9640 1351
9640 1426
9640 1663
9640 1672
9640 1682
9640 1689
9640 1942
9640 1972
9640 2250
9640 2548
9640 2785
9640 2805
9640 2937
9640 2938
9640 3068
9640 3145
9640 3147
9640 3148
9640 3149
9640 3154
9640 3185
9640 3219
9640 3384
9640 3402
9640 3430
9764 31
9764 57
9764 208
9764 214
9764 239
9764 275
9764 399
9764 735
9764 839
9764 1043
9764 1053
9764 1066
9764 1090
9764 1287
9764 1346
9764 1533
9764 1538
9764 1562
9764 1564
9764 1646
9764 1675
9764 1676
9764 1981
9764 2264
9764 2364
9764 2405
9764 2573
9764 2703
9764 2708
9764 2736
9764 2752
9764 2828
9764 2830
9764 2846
9764 2859
9764 2970
9764 2982
9764 2983
9764 2985
9764 2986
9764 3079
9764 3148
9764 3150
9764 3154
9764 3212
9764 3248
9764 3341
9764 3634
10066 117
10066 129
10066 839
10066 847
10066 862
10066 882
10066 1053
10066 1090
10066 1240
10066 1251
10066 1286
10066 1287
10066 1296
10066 1331
10066 1346
10066 1505
10066 1564
10066 1895
10066 2206
10066 2325
10066 2343
10066 2504
10066 2615
10066 2624
10066 2635
10066 2648
10066 2705
10066 2736
10066 2767
10066 2864
10066 2899
10066 2983
10066 2985
10066 2986
10066 3076
10066 3145
10066 3148
10066 3154
10066 3248
10066 3481
10246 31
10246 573
10246 839
10246 942
10246 943
10246 1052
10246 1053
10246 1066
10246 1089
10246 1240
10246 1251
10246 1287
10246 1297
10246 1300
10246 1346
10246 1426
10246 1538
10246 1672
10246 2000
10246 2364
10246 2615
10246 2705
10246 2736
10246 2752
10246 2772
10246 2785
10246 2805
10246 2816
10246 2843
10246 2864
10246 2869
10246 2937
10246 2983
10246 2985
10246 3079
10246 3145
10246 3219
10246 3248
10246 3486
10246 3501
10246 3506
10246 3507
10248 839
10248 862
10248 894
10248 943
10248 1066
10248 1251
10248 1264
10248 1287
10248 1297
10248 1346
10248 1409
10248 1426
10248 1672
10248 1922
10248 2000
10248 2364
10248 2635
10248 2752
10248 2797
10248 2805
10248 2816
10248 2864
10248 2983
10248 2985
10248 3079
10248 3145
10248 3148
10248 3219
10248 3248
10248 3501
10248 3593
10254 31
10254 49
10254 129
10254 839
10254 847
10254 937
10254 942
10254 1066
10254 1089
10254 1240
10254 1251
10254 1263
10254 1300
10254 1426
10254 1538
10254 1564
10254 1672
10254 2000
10254 2364
10254 2548
10254 2635
10254 2705
10254 2735
10254 2751
10254 2767
10254 2785
10254 2805
10254 2816
10254 2843
10254 2864
10254 2908
10254 2983
10254 2985
10254 3148
10254 3150
10254 3154
10254 3219
10254 3248
10254 3302
10254 3501
10254 3507
10338 31
10338 84
10338 214
10338 279
10338 399
10338 531
10338 629
10338 729
10338 759
10338 813
10338 968
10338 1090
10338 1287
10338 1296
10338 1317
10338 1331
10338 1343
10338 1346
10338 1366
10338 1519
10338 1543
10338 1553
10338 1639
10338 1917
10338 2023
10338 2086
10338 2251
10338 2333
10338 2343
10338 2550
10338 2576
10338 2615
10338 2635
10338 2657
10338 2704
10338 2722
10338 2736
10338 2772
10338 2816
10338 2864
10338 2900
10338 3076
10338 3102
10338 3115
10338 3279
10338 3451
10437 31
10437 214
10437 399
10437 708
10437 759
10437 789
10437 839
10437 847
10437 1089
10437 1202
10437 1232
10437 1346
10437 1646
10437 1678
10437 1725
10437 1813
10437 1849
10437 2047
10437 2071
10437 2086
10437 2138
10437 2142
10437 2325
10437 2506
10437 2550
10437 2576
10437 2722
10437 2790
10437 2815
10437 2843
10437 2844
10437 2845
10437 2901
10437 2983
10437 2985
10437 2986
10437 3032
10437 3393
10437 3527
10437 3593
10437 3598
10437 3603
10437 3604
10437 3605
10437 3615
10544 31
10544 573
10544 759
10544 1071
10544 1240
10544 1265
10544 1296
10544 1297
10544 1300
10544 1406
10544 1538
10544 1549
10544 1558
10544 1606
10544 1663
10544 2030
10544 2324
10544 2359
10544 2403
10544 2459
10544 2548
10544 2567
10544 2635
10544 2650
10544 2678
10544 2752
10544 2755
10544 2772
10544 2785
10544 2816
10544 2840
10544 2843
10544 3145
10544 3248
10544 3292
10544 3297
10544 3399
10544 3451
10544 3507
10544 3551
10544 3557
10629 49
10629 214
10629 384
10629 839
10629 847
10629 1090
10629 1133
10629 1331
10629 1346
10629 1402
10629 1510
10629 1558
10629 1561
10629 1564
10629 1646
10629 1678
10629 1717
10629 1765
10629 1917
10629 1920
10629 2000
10629 2023
10629 2086
10629 2325
10629 2343
10629 2364
10629 2372
10629 2550
10629 2584
10629 2615
10629 2635
10629 2736
10629 2767
10629 2833
10629 2843
10629 2844
10629 2985
10629 3079
10629 3102
10629 3148
10629 3154
10629 3195
10629 3233
10629 3451
10629 3481
10629 3486
10645 31
10645 430
10645 492
10645 709
10645 720
10645 788
10645 1184
10645 1223
10645 1251
10645 1264
10645 1296
10645 1409
10645 1426
10645 1538
10645 1556
10645 1601
10645 1682
10645 1685
10645 1689
10645 1972
10645 2009
10645 2057
10645 2250
10645 2341
10645 2405
10645 2528
10645 2635
10645 2650
10645 2755
10645 2816
10645 2864
10645 2875
10645 2908
10645 2938
10645 2950
10645 2985
10645 3191
10645 3193
10645 3219
10645 3302
10645 3375
10645 3382
10645 3447
10645 3457
10645 3483
10645 3497
10645 3541
11081 31
11081 214
11081 430
11081 839
11081 942
11081 1090
11081 1240
11081 1262
11081 1296
11081 1300
11081 1409
11081 1556
11081 1672
11081 1689
11081 1922
11081 1972
11081 2009
11081 2011
11081 2324
11081 2359
11081 2364
11081 2515
11081 2735
11081 2767
11081 2768
11081 2772
11081 2816
11081 2843
11081 2844
11081 2985
11081 3007
11081 3032
11081 3037
11081 3038
11081 3079
11081 3195
11081 3219
11081 3248
11081 3381
11081 3447
11081 3497
11081 3501
11081 3557
11081 3565
11081 3593
11081 3604
11081 3605
11081 3609
11081 3615
11117 31
11117 49
11117 117
11117 214
11117 358
11117 430
11117 491
11117 835
11117 847
11117 862
11117 889
11117 942
11117 943
11117 1052
11117 1089
11117 1090
11117 1240
11117 1296
11117 1297
11117 1346
11117 1621
11117 1646
11117 1663
11117 1678
11117 1922
11117 1939
11117 2573
11117 2635
11117 2736
11117 2741
11117 2767
11117 2772
11117 2797
11117 2816
11117 2843
11117 2983
11117 2986
11117 3079
11117 3145
11117 3148
11117 3154
11117 3248
11117 3593
11121 31
11121 819
11121 847
11121 1053
11121 1062
11121 1066
11121 1089
11121 1090
11121 1240
11121 1296
11121 1406
11121 1415
11121 1505
11121 1510
11121 1606
11121 1621
11121 1682
11121 1850
11121 1918
11121 2078
11121 2322
11121 2324
11121 2548
11121 2550
11121 2635
11121 2650
11121 2751
11121 2752
11121 2757
11121 2785
11121 2803
11121 2840
11121 2843
11121 2858
11121 2864
11121 2865
11121 2937
11121 2938
11121 2985
11121 2986
11121 3068
11121 3107
11121 3200
11121 3248
11121 3259
11121 3297
11121 3511
11471 31
11471 118
11471 215
11471 360
11471 430
11471 794
11471 833
11471 839
11471 879
11471 1062
11471 1076
11471 1125
11471 1251
11471 1264
11471 1406
11471 1409
11471 1426
11471 1538
11471 1556
11471 1621
11471 1689
11471 1741
11471 1979
11471 2003
11471 2009
11471 2358
11471 2405
11471 2502
11471 2635
11471 2678
11471 2735
11471 2755
11471 2802
11471 2816
11471 2840
11471 2843
11471 2845
11471 2864
11471 2983
11471 2986
11471 3145
11471 3215
11471 3219
11471 3341
11471 3497
11471 3511
11471 3632
11475 31
11475 142
11475 214
11475 275
11475 399
11475 839
11475 889
11475 1006
11475 1090
11475 1232
11475 1265
11475 1287
11475 1296
11475 1371
11475 1406
11475 1606
11475 1640
11475 1677
11475 1678
11475 1689
11475 1768
11475 2030
11475 2142
11475 2322
11475 2359
11475 2362
11475 2550
11475 2573
11475 2576
11475 2650
11475 2736
11475 2767
11475 2786
11475 2813
11475 2815
11475 2864
11475 3032
11475 3102
11475 3189
11475 3248
11475 3260
11475 3292
11475 3297
11475 3302
11475 3381
11475 3402
11475 3501
11475 3527
11475 3557
11475 3593
11475 3605
11671 89
11671 129
11671 595
11671 600
11671 617
11671 759
11671 770
11671 839
11671 898
11671 968
11671 1113
11671 1287
11671 1331
11671 1346
11671 1406
11671 1564
11671 1682
11671 1762
11671 1851
11671 1985
11671 2250
11671 2295
11671 2300
11671 2343
11671 2360
11671 2362
11671 2364
11671 2613
11671 2615
11671 2648
11671 2705
11671 2736
11671 2767
11671 2784
11671 2899
11671 2993
11671 3079
11671 3145
11671 3148
11671 3154
11671 3243
11671 3259
11671 3292
11671 3297
11671 3302
11671 3486
11819 813
11819 839
11819 968
11819 1113
11819 1133
11819 1251
11819 1286
11819 1331
11819 1406
11819 1458
11819 2000
11819 2030
11819 2067
11819 2078
11819 2090
11819 2217
11819 2250
11819 2341
11819 2358
11819 2364
11819 2550
11819 2650
11819 2698
11819 2783
11819 2784
11819 2829
11819 2845
11819 3038
11819 3107
11819 3195
11819 3292
11819 3384
11819 3402
11819 3445
11819 3481
11819 3505
11819 3511
11819 3551
11819 3552
11819 3557
12403 42
12403 117
12403 152
12403 819
12403 1042
12403 1113
12403 1265
12403 1406
12403 1538
12403 1556
12403 1685
12403 1790
12403 1850
12403 1857
12403 2009
12403 2030
12403 2341
12403 2360
12403 2405
12403 2589
12403 2613
12403 2711
12403 2784
12403 2802
12403 2829
12403 2840
12403 2908
12403 3068
12403 3107
12403 3146
12403 3185
12403 3219
12403 3268
12403 3292
12403 3297
12403 3302
12403 3402
12403 3502
12403 3504
12403 3511
12509 44
12509 89
12509 129
12509 208
12509 555
12509 735
12509 749
12509 753
12509 758
12509 759
12509 878
12509 1053
12509 1062
12509 1071
12509 1226
12509 1286
12509 1553
12509 1835
12509 1932
12509 2002
12509 2057
12509 2078
12509 2248
12509 2276
12509 2322
12509 2364
12509 2403
12509 2439
12509 2588
12509 2648
12509 2650
12509 2739
12509 2840
12509 3061
12509 3148
12509 3154
12509 3297
12509 3358
12509 3486
12509 3505
12509 3620
12537 44
12537 55
12537 819
12537 839
12537 1226
12537 1263
12537 1409
12537 1426
12537 1523
12537 1538
12537 1682
12537 1685
12537 1949
12537 2030
12537 2210
12537 2252
12537 2364
12537 2405
12537 2413
12537 2533
12537 2751
12537 2752
12537 2757
12537 2805
12537 2821
12537 2829
12537 2859
12537 2861
12537 2865
12537 2928
12537 2938
12537 2950
12537 3065
12537 3068
12537 3079
12537 3145
12537 3149
12537 3185
12537 3193
12537 3302
12537 3311
12537 3382
12537 3384
12537 3402
12537 3506
12537 3553
12609 84
12609 794
12609 968
12609 1090
12609 1113
12609 1133
12609 1203
12609 1226
12609 1232
12609 1366
12609 1414
12609 1458
12609 1511
12609 1553
12609 1558
12609 2023
12609 2254
12609 2278
12609 2359
12609 2360
12609 2386
12609 2412
12609 2490
12609 2506
12609 2550
12609 2567
12609 2635
12609 2648
12609 2784
12609 2786
12609 2845
12609 2898
12609 2908
12609 3038
12609 3054
12609 3102
12609 3292
12609 3297
12609 3381
12609 3384
12609 3444
12609 3445
12609 3451
12609 3504
12609 3505
12609 3632
12886 49
12886 710
12886 769
12886 794
12886 1066
12886 1201
12886 1406
12886 1497
12886 1633
12886 1640
12886 1972
12886 2011
12886 2030
12886 2250
12886 2344
12886 2362
12886 2403
12886 2618
12886 2735
12886 2755
12886 2776
12886 2783
12886 2908
12886 2916
12886 3037
12886 3038
12886 3068
12886 3079
12886 3145
12886 3147
12886 3148
12886 3150
12886 3154
12886 3185
12886 3402
12886 3445
12886 3505
12886 3506
12886 3557
13126 49
13126 70
13126 342
13126 385
13126 629
13126 674
13126 710
13126 725
13126 759
13126 762
13126 862
13126 943
13126 1052
13126 1053
13126 1089
13126 1090
13126 1098
13126 1135
13126 1343
13126 1346
13126 1351
13126 1366
13126 1402
13126 1543
13126 1621
13126 1708
13126 1765
13126 1818
13126 1825
13126 1832
13126 1889
13126 1921
13126 1941
13126 2247
13126 2364
13126 2611
13126 2636
13126 2736
13126 2780
13126 2940
13126 2983
13126 2984
13126 2985
13126 3079
13126 3085
13126 3145
13126 3148
13126 3150
13126 3154
13126 3248
13126 3486
13202 49
13202 77
13202 208
13202 239
13202 255
13202 258
13202 282
13202 399
13202 448
13202 555
13202 600
13202 735
13202 852
13202 878
13202 898
13202 1215
13202 1297
13202 1341
13202 1343
13202 1682
13202 1690
13202 1890
13202 2002
13202 2161
13202 2276
13202 2277
13202 2366
13202 2372
13202 2385
13202 2520
13202 2619
13202 2624
13202 2636
13202 2661
13202 2708
13202 2859
13202 2877
13202 2992
13202 3158
13202 3252
13202 3258
13202 3358
13202 3391
13202 3395
13202 3434
13202 3555
13202 3620
13202 3629
13294 49
13294 342
13294 674
13294 708
13294 710
13294 847
13294 862
13294 937
13294 998
13294 1199
13294 1240
13294 1254
13294 1263
13294 1265
13294 1297
13294 1336
13294 1406
13294 1426
13294 1606
13294 1621
13294 1685
13294 2254
13294 2403
13294 2635
13294 2752
13294 2772
13294 2805
13294 2843
13294 2915
13294 2950
13294 2952
13294 2985
13294 3107
13294 3145
13294 3147
13294 3154
13294 3220
13294 3301
13294 3311
13294 3361
13294 3398
13294 3430
13294 3504
13294 3507
13837 58
13837 129
13837 138
13837 342
13837 629
13837 674
13837 710
13837 725
13837 759
13837 762
13837 862
13837 1052
13837 1053
13837 1090
13837 1133
13837 1135
13837 1331
13837 1346
13837 1505
13837 1730
13837 1741
13837 1818
13837 1825
13837 1889
13837 1921
13837 1941
13837 2086
13837 2247
13837 2364
13837 2736
13837 2772
13837 2780
13837 2833
13837 2940
13837 2985
13837 2986
13837 3079
13837 3145
13837 3150
13837 3154
13837 3185
13837 3248
13837 3486
13837 3627
13837 3628
13907 65
13907 117
13907 119
13907 161
13907 191
13907 205
13907 211
13907 237
13907 286
13907 445
13907 448
13907 460
13907 646
13907 844
13907 928
13907 1064
13907 1147
13907 1180
13907 1217
13907 1233
13907 1324
13907 1326
13907 1448
13907 1461
13907 1488
13907 1594
13907 1613
13907 1758
13907 1828
13907 1953
13907 1987
13907 2275
13907 2469
13907 2711
13907 2721
13907 2741
13907 2764
13907 2797
13907 2800
13907 2852
13907 2977
13907 2994
13907 3045
13907 3180
13907 3227
13907 3229
13907 3281
13907 3378
13907 3421
13907 3515
13990 68
13990 794
13990 872
13990 1062
13990 1066
13990 1300
13990 1406
13990 1409
13990 1538
13990 1672
13990 1682
13990 1689
13990 1791
13990 1918
13990 1972
13990 2011
13990 2077
13990 2078
13990 2358
13990 2360
13990 2430
13990 2548
13990 2768
13990 2805
13990 2863
13990 2866
13990 3068
13990 3107
13990 3147
13990 3185
13990 3219
13990 3292
13990 3297
13990 3310
13990 3376
13990 3381
13990 3402
13990 3458
13990 3499
13990 3541
13990 3550
13990 3557
14048 70
14048 129
14048 342
14048 629
14048 725
14048 1052
14048 1053
14048 1066
14048 1090
14048 1098
14048 1287
14048 1300
14048 1402
14048 1406
14048 1505
14048 1528
14048 1564
14048 1606
14048 1689
14048 1825
14048 1889
14048 1921
14048 1972
14048 2030
14048 2247
14048 2248
14048 2372
14048 2648
14048 2650
14048 2678
14048 2753
14048 2772
14048 2780
14048 2831
14048 2937
14048 2940
14048 2985
14048 3148
14048 3150
14048 3154
14048 3219
14048 3233
14048 3248
14048 3399
14048 3401
14048 3507
14067 70
14067 342
14067 629
14067 674
14067 725
14067 759
14067 819
14067 1053
14067 1062
14067 1066
14067 1098
14067 1135
14067 1208
14067 1287
14067 1543
14067 1730
14067 1818
14067 1825
14067 1921
14067 1941
14067 2003
14067 2247
14067 2254
14067 2324
14067 2548
14067 2705
14067 2736
14067 2739
14067 2752
14067 2772
14067 2780
14067 2859
14067 2937
14067 2940
14067 3068
14067 3079
14067 3107
14067 3146
14067 3148
14067 3150
14067 3154
14067 3297
14067 3302
14067 3381
14067 3486
14067 3490
14067 3628
14082 84
14082 176
14082 342
14082 629
14082 674
14082 725
14082 759
14082 839
14082 915
14082 1052
14082 1053
14082 1090
14082 1098
14082 1133
14082 1135
14082 1220
14082 1232
14082 1287
14082 1331
14082 1366
14082 1505
14082 1543
14082 1639
14082 1717
14082 1741
14082 1818
14082 1825
14082 1889
14082 1921
14082 1941
14082 2086
14082 2247
14082 2364
14082 2635
14082 2736
14082 2772
14082 2780
14082 2844
14082 2845
14082 2940
14082 2985
14082 2986
14082 3150
14082 3248
14082 3582
14082 3593
14082 3605
14082 3627
14082 3628
14175 70
14175 129
14175 138
14175 342
14175 385
14175 392
14175 629
14175 661
14175 674
14175 682
14175 725
14175 759
14175 762
14175 915
14175 1090
14175 1098
14175 1213
14175 1402
14175 1708
14175 1730
14175 1825
14175 1832
14175 1889
14175 1924
14175 1941
14175 1998
14175 2247
14175 2476
14175 2736
14175 2741
14175 2772
14175 2780
14175 2813
14175 2831
14175 2833
14175 3085
14175 3148
14175 3150
14175 3414
14175 3627
14175 3628
14733 84
14733 430
14733 444
14733 537
14733 562
14733 755
14733 759
14733 1062
14733 1143
14733 1296
14733 1300
14733 1303
14733 1325
14733 1366
14733 1639
14733 1640
14733 1689
14733 1870
14733 1963
14733 1972
14733 2003
14733 2009
14733 2030
14733 2044
14733 2185
14733 2324
14733 2333
14733 2358
14733 2362
14733 2531
14733 2635
14733 2649
14733 2650
14733 2840
14733 2869
14733 2876
14733 2891
14733 3068
14733 3146
14733 3169
14733 3183
14733 3185
14733 3219
14733 3269
14733 3297
14733 3376
14733 3402
14733 3447
14733 3451
14733 3546
14733 3550
14846 84
14846 117
14846 119
14846 191
14846 206
14846 249
14846 460
14846 492
14846 634
14846 773
14846 867
14846 875
14846 957
14846 1019
14846 1147
14846 1233
14846 1237
14846 1239
14846 1723
14846 1953
14846 2300
14846 2322
14846 2550
14846 2615
14846 2661
14846 2685
14846 2698
14846 2800
14846 2899
14846 2900
14846 2927
14846 2966
14846 2984
14846 2985
14846 2986
14846 2994
14846 3076
14846 3102
14846 3115
14846 3233
14846 3279
14846 3409
14846 3521
14880 84
14880 163
14880 342
14880 629
14880 674
14880 725
14880 759
14880 921
14880 968
14880 1053
14880 1239
14880 1287
14880 1296
14880 1331
14880 1346
14880 1366
14880 1543
14880 1717
14880 1825
14880 1889
14880 1921
14880 2000
14880 2086
14880 2142
14880 2151
14880 2247
14880 2333
14880 2343
14880 2550
14880 2615
14880 2635
14880 2657
14880 2722
14880 2736
14880 2772
14880 2845
14880 2864
14880 2900
14880 2913
14880 2940
14880 3115
14880 3116
14880 3150
15025 84
15025 119
15025 163
15025 176
15025 205
15025 940
15025 968
15025 1043
15025 1078
15025 1133
15025 1139
15025 1366
15025 1510
15025 1538
15025 1717
15025 1917
15025 1981
15025 2086
15025 2278
15025 2333
15025 2343
15025 2405
15025 2441
15025 2613
15025 2635
15025 2772
15025 2816
15025 2899
15025 2900
15025 2927
15025 3076
15025 3115
15025 3279
15025 3409
15025 3481
15025 3551
15084 84
15084 117
15084 123
15084 175
15084 759
15084 910
15084 968
15084 1006
15084 1133
15084 1239
15084 1510
15084 1515
15084 1613
15084 1646
15084 1717
15084 1830
15084 1873
15084 1902
15084 1917
15084 2086
15084 2142
15084 2190
15084 2262
15084 2322
15084 2506
15084 2550
15084 2615
15084 2722
15084 2899
15084 2927
15084 3032
15084 3102
15084 3106
15084 3195
15084 3202
15084 3441
15104 297
15104 298
15104 497
15104 637
15104 638
15104 675
15104 708
15104 759
15104 789
15104 790
15104 1001
15104 1126
15104 1133
15104 1221
15104 1366
15104 1405
15104 1553
15104 1558
15104 1648
15104 1823
15104 1890
15104 1987
15104 2086
15104 2219
15104 2343
15104 2381
15104 2550
15104 2736
15104 2786
15104 2790
15104 3102
15104 3115
15104 3247
15104 3382
15104 3393
15104 3401
15104 3409
15104 3421
15104 3448
15104 3451
15104 3553
15104 3615
15145 84
15145 759
15145 1053
15145 1062
15145 1226
15145 1254
15145 1305
15145 1633
15145 1640
15145 1790
15145 1791
15145 1796
15145 1918
15145 2003
15145 2247
15145 2250
15145 2324
15145 2325
15145 2430
15145 2548
15145 2567
15145 2615
15145 2650
15145 2755
15145 2757
15145 2861
15145 2908
15145 2927
15145 2950
15145 3068
15145 3146
15145 3147
15145 3185
15145 3191
15145 3200
15145 3219
15145 3298
15145 3447
15145 3476
15145 3541
15145 3557
15148 84
15148 176
15148 217
15148 694
15148 762
15148 847
15148 899
15148 998
15148 1199
15148 1215
15148 1240
15148 1251
15148 1287
15148 1296
15148 1331
15148 1366
15148 1487
15148 1497
15148 1564
15148 1672
15148 1870
15148 2248
15148 2322
15148 2333
15148 2372
15148 2463
15148 2615
15148 2624
15148 2682
15148 2752
15148 2833
15148 2840
15148 2843
15148 2899
15148 2938
15148 3146
15148 3147
15148 3150
15148 3183
15148 3311
15148 3374
15148 3382
15148 3511
15148 3625
15409 89
15409 140
15409 217
15409 1066
15409 1257
15409 1264
15409 1406
15409 1499
15409 1640
15409 2030
15409 2324
15409 2359
15409 2360
15409 2403
15409 2502
15409 2604
15409 2648
15409 2650
15409 2678
15409 2735
15409 2744
15409 2752
15409 2768
15409 2832
15409 2863
15409 3091
15409 3222
15409 3292
15409 3297
15409 3375
15409 3383
15409 3399
15409 3497
15409 3502
15409 3505
15409 3550
15409 3551
15409 3557
15633 117
15633 555
15633 674
15633 710
15633 759
15633 819
15633 1053
15633 1062
15633 1337
15633 1549
15633 1551
15633 1564
15633 1708
15633 1835
15633 1972
15633 2014
15633 2030
15633 2161
15633 2324
15633 2372
15633 2469
15633 2470
15633 2648
15633 2650
15633 2686
15633 2753
15633 2800
15633 2831
15633 2859
15633 2865
15633 2985
15633 2986
15633 3067
15633 3148
15633 3154
15633 3185
15633 3227
15633 3233
15633 3296
15633 3297
15633 3382
15633 3398
15633 3402
15633 3441
15633 3486
15722 123
15722 282
15722 340
15722 619
15722 733
15722 794
15722 894
15722 910
15722 1066
15722 1137
15722 1222
15722 1354
15722 1406
15722 1409
15722 1606
15722 1640
15722 1672
15722 1972
15722 2011
15722 2030
15722 2324
15722 2359
15722 2567
15722 2674
15722 2735
15722 2752
15722 2768
15722 2785
15722 2792
15722 2805
15722 3005
15722 3147
15722 3297
15722 3381
15722 3399
15722 3408
15722 3441
15722 3497
15722 3507
15722 3550
15722 3551
15722 3557
15722 3633
15765 342
15765 629
15765 725
15765 735
15765 794
15765 819
15765 1062
15765 1066
15765 1254
15765 1262
15765 1263
15765 1457
15765 1458
15765 1538
15765 1607
15765 1708
15765 1921
15765 1972
15765 1981
15765 2011
15765 2030
15765 2057
15765 2090
15765 2247
15765 2324
15765 2481
15765 2502
15765 2548
15765 2650
15765 2705
15765 2708
15765 2736
15765 2780
15765 2821
15765 2829
15765 2928
15765 2940
15765 3038
15765 3146
15765 3185
15765 3191
15765 3311
15765 3341
15765 3457
15765 3506
15765 3634
15769 124
15769 208
15769 573
15769 735
15769 878
15769 942
15769 1113
15769 1305
15769 1378
15769 2067
15769 2078
15769 2183
15769 2324
15769 2358
15769 2359
15769 2360
15769 2361
15769 2362
15769 2403
15769 2567
15769 2735
15769 2802
15769 3058
15769 3068
15769 3138
15769 3146
15769 3147
15769 3185
15769 3197
15769 3233
15769 3259
15769 3292
15769 3297
15769 3302
15769 3310
15769 3341
15769 3382
15769 3447
15769 3457
15769 3458
15769 3505
15769 3550
15769 3551
15769 3552
15769 3557
15769 3624
15898 129
15898 759
15898 794
15898 803
15898 819
15898 1066
15898 1133
15898 1264
15898 1300
15898 1406
15898 1640
15898 1689
15898 1707
15898 1846
15898 1866
15898 2030
15898 2036
15898 2037
15898 2045
15898 2254
15898 2278
15898 2295
15898 2359
15898 2362
15898 2403
15898 2648
15898 2678
15898 2752
15898 2757
15898 2768
15898 2785
15898 2861
15898 2863
15898 2865
15898 2916
15898 2957
15898 3146
15898 3147
15898 3148
15898 3185
15898 3200
15898 3292
15898 3297
15898 3303
15898 3497
15898 3550
15898 3551
15898 3632
15958 129
15958 502
15958 710
15958 759
15958 940
15958 946
15958 1133
15958 1223
15958 1257
15958 1264
15958 1265
15958 1331
15958 1346
15958 1409
15958 1426
15958 1556
15958 1672
15958 1746
15958 1918
15958 2086
15958 2304
15958 2359
15958 2405
15958 2548
15958 2550
15958 2611
15958 2648
15958 2751
15958 2752
15958 2768
15958 2863
15958 2875
15958 2937
15958 3076
15958 3090
15958 3148
15958 3150
15958 3154
15958 3174
15958 3219
15958 3292
15958 3297
15958 3298
15958 3381
15958 3408
15958 3439
15958 3447
15958 3451
15958 3485
15958 3486
15958 3497
15958 3505
15958 3507
15959 129
15959 140
15959 179
15959 208
15959 239
15959 258
15959 261
15959 289
15959 362
15959 710
15959 759
15959 858
15959 921
15959 931
15959 1128
15959 1346
15959 1445
15959 1538
15959 1564
15959 1565
15959 1682
15959 1689
15959 1932
15959 1993
15959 2343
15959 2405
15959 2535
15959 2685
15959 2708
15959 2752
15959 2799
15959 2832
15959 2972
15959 3076
15959 3150
15959 3154
15959 3185
15959 3258
15959 3358
15959 3402
15959 3410
15959 3486
15959 3620
16105 134
16105 794
16105 1606
16105 1640
16105 1689
16105 1942
16105 1972
16105 2030
16105 2078
16105 2250
16105 2324
16105 2358
16105 2359
16105 2360
16105 2362
16105 2372
16105 2412
16105 2459
16105 2735
16105 2755
16105 2783
16105 2859
16105 2866
16105 2908
16105 2916
16105 3037
16105 3038
16105 3054
16105 3146
16105 3147
16105 3219
16105 3292
16105 3297
16105 3375
16105 3382
16105 3383
16105 3384
16105 3391
16105 3408
16105 3445
16105 3541
16105 3550
16105 3551
16105 3552
16276 152
16276 434
16276 491
16276 819
16276 847
16276 1021
16276 1090
16276 1259
16276 1264
16276 1265
16276 1297
16276 1406
16276 1414
16276 1426
16276 1621
16276 1678
16276 1741
16276 1791
16276 1857
16276 1870
16276 2250
16276 2358
16276 2636
16276 2665
16276 2829
16276 2916
16276 2985
16276 3068
16276 3104
16276 3248
16276 3258
16276 3259
16276 3292
16276 3297
16276 3298
16276 3383
16276 3391
16276 3402
16276 3445
16276 3507
16276 3554
16277 152
16277 342
16277 629
16277 1052
16277 1062
16277 1066
16277 1089
16277 1090
16277 1265
16277 1375
16277 1426
16277 1466
16277 1500
16277 1538
16277 1556
16277 1663
16277 1672
16277 1773
16277 1791
16277 1818
16277 1825
16277 1876
16277 1921
16277 1922
16277 1923
16277 1925
16277 1972
16277 2077
16277 2368
16277 2403
16277 2405
16277 2751
16277 2780
16277 2805
16277 2940
16277 3147
16277 3215
16277 3281
16277 3292
16277 3297
16277 3441
16277 3485
16277 3497
16277 3502
16277 3505
16277 3546
16277 3554
16515 201
16515 419
16515 575
16515 783
16515 794
16515 1066
16515 1300
16515 1406
16515 1538
16515 1640
16515 1689
16515 1703
16515 1773
16515 1792
16515 1868
16515 1924
16515 1972
16515 2403
16515 2405
16515 2502
16515 2507
16515 2567
16515 2650
16515 2685
16515 2751
16515 2752
16515 2755
16515 2805
16515 2831
16515 2878
16515 3219
16515 3222
16515 3282
16515 3297
16515 3399
16515 3485
16515 3502
16515 3505
16515 3507
16515 3551
16779 342
16779 629
16779 674
16779 794
16779 839
16779 847
16779 1062
16779 1090
16779 1287
16779 1426
16779 1505
16779 1543
16779 1621
16779 1685
16779 1741
16779 1790
16779 1889
16779 1920
16779 1921
16779 2248
16779 2339
16779 2533
16779 2555
16779 2567
16779 2915
16779 2940
16779 2985
16779 3079
16779 3086
16779 3147
16779 3150
16779 3154
16779 3185
16779 3222
16779 3248
16779 3486
16779 3546
16779 3628
16862 239
16862 267
16862 573
16862 735
16862 819
16862 1062
16862 1071
16862 1076
16862 1414
16862 1419
16862 1523
16862 1538
16862 1594
16862 1682
16862 1835
16862 1979
16862 2030
16862 2057
16862 2058
16862 2372
16862 2390
16862 2457
16862 2462
16862 2645
16862 2650
16862 2735
16862 2752
16862 2797
16862 2831
16862 2840
16862 2859
16862 2866
16862 2938
16862 2956
16862 2972
16862 3068
16862 3172
16862 3185
16862 3233
16862 3297
16862 3302
16862 3311
16862 3402
16862 3511
16862 3516
16862 3632
16862 3633
16888 254
16888 555
16888 735
16888 1016
16888 1221
16888 1406
16888 1457
16888 1458
16888 1621
16888 1640
16888 1850
16888 1857
16888 1870
16888 1881
16888 2009
16888 2030
16888 2254
16888 2359
16888 2360
16888 2412
16888 2624
16888 2636
16888 2650
16888 2661
16888 2678
16888 2739
16888 2752
16888 2768
16888 2784
16888 2893
16888 2928
16888 2983
16888 2984
16888 2985
16888 2986
16888 2994
16888 3038
16888 3078
16888 3219
16888 3292
16888 3302
16888 3383
16888 3506
16888 3557
16943 262
16943 461
16943 911
16943 1053
16943 1066
16943 1079
16943 1215
16943 1252
16943 1388
16943 1458
16943 1466
16943 1483
16943 1589
16943 1606
16943 1668
16943 1689
16943 1889
16943 1942
16943 1988
16943 2009
16943 2011
16943 2018
16943 2030
16943 2247
16943 2495
16943 2548
16943 2669
16943 2761
16943 2778
16943 2813
16943 2831
16943 2833
16943 2859
16943 2863
16943 2866
16943 3058
16943 3066
16943 3068
16943 3089
16943 3093
16943 3146
16943 3330
16943 3382
16943 3391
16943 3625
16990 275
16990 399
16990 819
16990 1064
16990 1242
16990 1406
16990 1409
16990 1414
16990 1458
16990 1511
16990 1523
16990 1606
16990 1640
16990 1682
16990 1684
16990 1942
16990 2011
16990 2030
16990 2078
16990 2252
16990 2324
16990 2360
16990 2573
16990 2735
16990 2739
16990 2752
16990 2829
16990 2862
16990 2866
16990 2908
16990 2938
16990 3037
16990 3038
16990 3068
16990 3126
16990 3185
16990 3210
16990 3375
16990 3384
16990 3399
16990 3402
16990 3445
16990 3457
16990 3486
16990 3506
16990 3541
16990 3550
17075 282
17075 819
17075 1066
17075 1088
17075 1133
17075 1242
17075 1265
17075 1287
17075 1406
17075 1426
17075 1458
17075 1523
17075 1639
17075 1640
17075 1791
17075 1918
17075 2003
17075 2086
17075 2254
17075 2324
17075 2333
17075 2359
17075 2360
17075 2412
17075 2493
17075 2567
17075 2650
17075 2678
17075 2739
17075 2751
17075 2752
17075 2768
17075 2840
17075 2876
17075 3038
17075 3259
17075 3292
17075 3297
17075 3302
17075 3381
17075 3399
17075 3451
17075 3497
17075 3551
17411 342
17411 582
17411 629
17411 725
17411 1066
17411 1113
17411 1257
17411 1263
17411 1264
17411 1300
17411 1337
17411 1523
17411 1543
17411 1553
17411 1682
17411 1689
17411 1708
17411 1870
17411 1921
17411 2030
17411 2194
17411 2247
17411 2368
17411 2403
17411 2405
17411 2588
17411 2736
17411 2739
17411 2751
17411 2780
17411 2785
17411 2829
17411 2866
17411 2908
17411 2938
17411 3107
17411 3146
17411 3185
17411 3219
17411 3271
17411 3296
17411 3302
17411 3363
17411 3401
17411 3402
17411 3447
17411 3502
17411 3506
17411 3507
17488 349
17488 376
17488 399
17488 491
17488 557
17488 584
17488 585
17488 785
17488 797
17488 895
17488 982
17488 1053
17488 1116
17488 1321
17488 1382
17488 1387
17488 1462
17488 1564
17488 1565
17488 1613
17488 1692
17488 1715
17488 1733
17488 1771
17488 1883
17488 1964
17488 2265
17488 2287
17488 2309
17488 2319
17488 2499
17488 2505
17488 2573
17488 2576
17488 2648
17488 2666
17488 2727
17488 2756
17488 2831
17488 2852
17488 2859
17488 3079
17488 3126
17488 3150
17488 3185
17488 3382
17488 3391
17488 3407
17488 3411
17488 3593
17488 3605
17488 3618
17498 355
17498 1062
17498 1066
17498 1265
17498 1300
17498 1414
17498 1538
17498 1689
17498 1790
17498 2052
17498 2067
17498 2103
17498 2250
17498 2273
17498 2324
17498 2339
17498 2403
17498 2405
17498 2502
17498 2735
17498 2755
17498 2805
17498 2866
17498 2916
17498 3107
17498 3146
17498 3183
17498 3219
17498 3259
17498 3292
17498 3301
17498 3310
17498 3408
17498 3452
17498 3457
17498 3458
17498 3485
17498 3497
17498 3541
17498 3550
17498 3554
17586 400
17586 508
17586 509
17586 819
17586 1062
17586 1201
17586 1232
17586 1242
17586 1300
17586 1305
17586 1497
17586 1523
17586 1672
17586 1682
17586 1850
17586 1853
17586 1860
17586 1876
17586 1877
17586 1918
17586 1942
17586 1949
17586 1972
17586 2003
17586 2057
17586 2250
17586 2252
17586 2295
17586 2726
17586 2752
17586 2757
17586 2805
17586 2829
17586 2928
17586 2938
17586 3068
17586 3185
17586 3200
17586 3219
17586 3222
17586 3298
17586 3311
17586 3379
17586 3447
17586 3541
17613 721
17613 790
17613 819
17613 1062
17613 1071
17613 1257
17613 1264
17613 1457
17613 1500
17613 1523
17613 1556
17613 1577
17613 1672
17613 1674
17613 1682
17613 1689
17613 1873
17613 1982
17613 2057
17613 2067
17613 2078
17613 2294
17613 2441
17613 2533
17613 2768
17613 2776
17613 2792
17613 2829
17613 2840
17613 2938
17613 2950
17613 3068
17613 3104
17613 3134
17613 3193
17613 3197
17613 3219
17613 3298
17613 3310
17613 3402
17613 3447
17613 3497
17613 3553
17671 436
17671 894
17671 1066
17671 1251
17671 1263
17671 1264
17671 1265
17671 1402
17671 1458
17671 1539
17671 1562
17671 1621
17671 1685
17671 1689
17671 1708
17671 2011
17671 2067
17671 2295
17671 2324
17671 2368
17671 2405
17671 2502
17671 2635
17671 2752
17671 2772
17671 2816
17671 2828
17671 2864
17671 2869
17671 2908
17671 2983
17671 2985
17671 3037
17671 3038
17671 3195
17671 3220
17671 3222
17671 3248
17671 3292
17671 3310
17671 3341
17671 3381
17671 3457
17671 3497
17671 3550
17671 3552
17671 3624
17689 448
17689 460
17689 759
17689 794
17689 882
17689 934
17689 1028
17689 1071
17689 1240
17689 1296
17689 1378
17689 1510
17689 1564
17689 1607
17689 1689
17689 1717
17689 1822
17689 1830
17689 1953
17689 2206
17689 2267
17689 2295
17689 2322
17689 2325
17689 2341
17689 2358
17689 2393
17689 2470
17689 2550
17689 2784
17689 2840
17689 2843
17689 2863
17689 2864
17689 2866
17689 2966
17689 2983
17689 2985
17689 3089
17689 3107
17689 3183
17689 3248
17689 3292
17689 3297
17689 3301
17689 3310
17689 3441
17689 3445
17689 3504
17689 3505
17776 508
17776 819
17776 1043
17776 1113
17776 1225
17776 1263
17776 1264
17776 1265
17776 1296
17776 1375
17776 1409
17776 1523
17776 1538
17776 1682
17776 1685
17776 1791
17776 1853
17776 1860
17776 1876
17776 1949
17776 2210
17776 2252
17776 2295
17776 2533
17776 2555
17776 2650
17776 2757
17776 2785
17776 2829
17776 2862
17776 2915
17776 2950
17776 3068
17776 3185
17776 3193
17776 3302
17776 3376
17776 3379
17776 3402
17776 3497
17776 3541
17846 595
17846 794
17846 819
17846 1066
17846 1264
17846 1265
17846 1523
17846 1538
17846 1640
17846 1672
17846 1682
17846 1972
17846 2067
17846 2250
17846 2403
17846 2405
17846 2502
17846 2567
17846 2650
17846 2736
17846 2751
17846 2752
17846 2755
17846 2790
17846 2802
17846 2805
17846 2845
17846 2863
17846 2938
17846 3058
17846 3068
17846 3219
17846 3222
17846 3292
17846 3298
17846 3382
17846 3393
17846 3399
17846 3485
17846 3502
17846 3505
17846 3506
17846 3507
17846 3541
17846 3557
17975 751
17975 794
17975 801
17975 894
17975 1066
17975 1225
17975 1263
17975 1412
17975 1444
17975 1457
17975 1523
17975 1556
17975 1621
17975 1672
17975 1685
17975 1758
17975 1814
17975 1853
17975 1860
17975 1876
17975 1918
17975 1949
17975 2057
17975 2077
17975 2210
17975 2264
17975 2339
17975 2372
17975 2405
17975 2533
17975 2661
17975 2768
17975 2785
17975 2813
17975 2859
17975 2861
17975 2876
17975 2928
17975 2985
17975 3219
17975 3302
17975 3311
17975 3382
17975 3447
17975 3497
17975 3506
17975 3620
18013 759
18013 813
18013 897
18013 1201
18013 1226
18013 1312
18013 1458
18013 1606
18013 1633
18013 1685
18013 2011
18013 2030
18013 2057
18013 2067
18013 2078
18013 2086
18013 2090
18013 2250
18013 2341
18013 2344
18013 2359
18013 2360
18013 2548
18013 2678
18013 2755
18013 2783
18013 2822
18013 2876
18013 2908
18013 2912
18013 2916
18013 3037
18013 3038
18013 3054
18013 3147
18013 3259
18013 3302
18013 3383
18013 3399
18013 3402
18013 3408
18013 3445
18013 3457
18013 3550
18013 3554
18013 3557
18046 1066
18046 1071
18046 1264
18046 1265
18046 1406
18046 1497
18046 1606
18046 1689
18046 1942
18046 1972
18046 2250
18046 2254
18046 2324
18046 2358
18046 2359
18046 2360
18046 2459
18046 2567
18046 2650
18046 2678
18046 2755
18046 2783
18046 2784
18046 2866
18046 2916
18046 3037
18046 3038
18046 3146
18046 3292
18046 3381
18046 3383
18046 3399
18046 3445
18046 3505
18046 3507
18046 3551
18098 1406
18098 1414
18098 1458
18098 1466
18098 1497
18098 1606
18098 1640
18098 1689
18098 1942
18098 1972
18098 2011
18098 2030
18098 2067
18098 2250
18098 2324
18098 2358
18098 2359
18098 2360
18098 2362
18098 2459
18098 2502
18098 2678
18098 2735
18098 2752
18098 2755
18098 2783
18098 2863
18098 2866
18098 3037
18098 3038
18098 3146
18098 3147
18098 3219
18098 3259
18098 3292
18098 3297
18098 3375
18098 3381
18098 3384
18098 3399
18098 3445
18098 3550
18098 3551
18098 3554
18098 3557
18124 794
18124 1265
18124 1414
18124 1640
18124 1853
18124 2210
18124 2250
18124 2324
18124 2360
18124 2362
18124 2403
18124 2533
18124 2567
18124 2735
18124 2751
18124 2752
18124 2784
18124 2863
18124 2938
18124 3040
18124 3107
18124 3149
18124 3183
18124 3197
18124 3222
18124 3292
18124 3297
18124 3310
18124 3375
18124 3376
18124 3408
18124 3445
18124 3457
18124 3458
18124 3485
18124 3502
18124 3505
18124 3506
18124 3507
18124 3550
18124 3552
18124 3557
18163 794
18163 1066
18163 1071
18163 1113
18163 1242
18163 1409
18163 1414
18163 1606
18163 1640
18163 1672
18163 1684
18163 1685
18163 1791
18163 1853
18163 1870
18163 1979
18163 2030
18163 2078
18163 2250
18163 2254
18163 2341
18163 2344
18163 2358
18163 2502
18163 2567
18163 2678
18163 2755
18163 2768
18163 2784
18163 2802
18163 2865
18163 2908
18163 3054
18163 3104
18163 3259
18163 3292
18163 3297
18163 3298
18163 3302
18163 3376
18163 3384
18163 3399
18163 3445
18163 3497
18163 3551
18163 3557
18163 3632
18190 794
18190 1062
18190 1066
18190 1076
18190 1242
18190 1265
18190 1378
18190 1414
18190 1426
18190 1607
18190 1850
18190 1984
18190 2003
18190 2077
18190 2090
18190 2295
18190 2341
18190 2358
18190 2359
18190 2360
18190 2362
18190 2403
18190 2567
18190 2784
18190 2785
18190 2860
18190 3183
18190 3259
18190 3297
18190 3301
18190 3310
18190 3375
18190 3379
18190 3399
18190 3458
18190 3485
18190 3502
18190 3504
18190 3505
18190 3507
18190 3550
18190 3551
18190 3552
18190 3624
18230 794
18230 1265
18230 1426
18230 1458
18230 1606
18230 1640
18230 1979
18230 2011
18230 2030
18230 2067
18230 2254
18230 2295
18230 2324
18230 2344
18230 2360
18230 2362
18230 2405
18230 2459
18230 2502
18230 2567
18230 2678
18230 2735
18230 2750
18230 2752
18230 2768
18230 2785
18230 2805
18230 2866
18230 3038
18230 3146
18230 3147
18230 3219
18230 3222
18230 3259
18230 3297
18230 3375
18230 3381
18230 3383
18230 3399
18230 3445
18230 3502
18230 3507
18230 3550
18230 3551
18230 3552
18230 3554
18232 794
18232 1066
18232 1071
18232 1257
18232 1300
18232 1406
18232 1414
18232 1458
18232 1640
18232 1689
18232 2011
18232 2030
18232 2078
18232 2090
18232 2324
18232 2358
18232 2359
18232 2360
18232 2362
18232 2403
18232 2412
18232 2459
18232 2502
18232 2678
18232 2735
18232 2739
18232 2768
18232 2866
18232 3038
18232 3040
18232 3054
18232 3146
18232 3147
18232 3219
18232 3222
18232 3292
18232 3297
18232 3375
18232 3383
18232 3384
18232 3399
18232 3402
18232 3408
18232 3445
18232 3458
18232 3505
18232 3507
18232 3541
18232 3550
18232 3551
18232 3557
18275 794
18275 1076
18275 1201
18275 1242
18275 1257
18275 1264
18275 1406
18275 1414
18275 1466
18275 1640
18275 1942
18275 1972
18275 2011
18275 2030
18275 2057
18275 2067
18275 2078
18275 2250
18275 2254
18275 2344
18275 2358
18275 2359
18275 2360
18275 2362
18275 2459
18275 2502
18275 2567
18275 2678
18275 2755
18275 2866
18275 2876
18275 2908
18275 3038
18275 3147
18275 3222
18275 3259
18275 3297
18275 3376
18275 3381
18275 3383
18275 3384
18275 3399
18275 3541
18275 3550
18275 3554
18292 794
18292 1066
18292 1071
18292 1257
18292 1264
18292 1265
18292 1300
18292 1406
18292 1640
18292 2030
18292 2078
18292 2254
18292 2324
18292 2359
18292 2362
18292 2403
18292 2502
18292 2650
18292 2678
18292 2755
18292 2768
18292 2784
18292 2863
18292 2916
18292 3038
18292 3054
18292 3146
18292 3219
18292 3222
18292 3292
18292 3301
18292 3375
18292 3383
18292 3384
18292 3399
18292 3497
18292 3507
18292 3550
18292 3552
18292 3554
18292 3557
18308 794
18308 1066
18308 1264
18308 1265
18308 1406
18308 1414
18308 1640
18308 1689
18308 1972
18308 1979
18308 2011
18308 2030
18308 2254
18308 2359
18308 2360
18308 2362
18308 2405
18308 2459
18308 2502
18308 2567
18308 2650
18308 2735
18308 2751
18308 2752
18308 2866
18308 2950
18308 3038
18308 3222
18308 3259
18308 3292
18308 3375
18308 3381
18308 3399
18308 3408
18308 3502
18308 3507
18308 3551
18308 3557
18326 794
18326 1201
18326 1305
18326 1466
18326 1497
18326 1606
18326 1640
18326 1689
18326 1942
18326 1972
18326 2011
18326 2067
18326 2078
18326 2324
18326 2344
18326 2358
18326 2359
18326 2362
18326 2409
18326 2412
18326 2502
18326 2567
18326 2678
18326 2735
18326 2752
18326 2768
18326 2866
18326 3038
18326 3146
18326 3219
18326 3222
18326 3259
18326 3292
18326 3297
18326 3302
18326 3375
18326 3381
18326 3399
18326 3445
18326 3504
18326 3507
18326 3550
18326 3552
18326 3554
18495 794
18495 839
18495 1066
18495 1251
18495 1264
18495 1406
18495 1426
18495 1556
18495 1606
18495 1640
18495 1689
18495 1972
18495 2000
18495 2009
18495 2030
18495 2324
18495 2325
18495 2360
18495 2364
18495 2405
18495 2459
18495 2548
18495 2678
18495 2735
18495 2739
18495 2752
18495 2816
18495 2866
18495 3146
18495 3195
18495 3292
18495 3297
18495 3301
18495 3381
18495 3383
18495 3399
18495 3408
18495 3445
18495 3507
18495 3550
18495 3557
18552 794
18552 819
18552 1300
18552 1406
18552 1416
18552 1458
18552 1497
18552 1523
18552 1606
18552 1640
18552 1972
18552 1979
18552 2003
18552 2009
18552 2210
18552 2250
18552 2254
18552 2324
18552 2344
18552 2359
18552 2360
18552 2533
18552 2678
18552 2755
18552 2757
18552 2783
18552 2785
18552 2805
18552 2950
18552 3039
18552 3040
18552 3068
18552 3200
18552 3222
18552 3259
18552 3292
18552 3383
18552 3399
18552 3402
18552 3506
18552 3551
18552 3552
18552 3554
18568 794
18568 1257
18568 1264
18568 1265
18568 1300
18568 1406
18568 1457
18568 1458
18568 1466
18568 1640
18568 1689
18568 1942
18568 1972
18568 2011
18568 2030
18568 2250
18568 2254
18568 2324
18568 2359
18568 2360
18568 2362
18568 2405
18568 2412
18568 2459
18568 2502
18568 2650
18568 2678
18568 2735
18568 2751
18568 2752
18568 2755
18568 2784
18568 2866
18568 3038
18568 3054
18568 3146
18568 3219
18568 3222
18568 3259
18568 3292
18568 3297
18568 3381
18568 3383
18568 3502
18568 3507
18568 3541
18568 3550
18568 3551
18568 3552
18580 1113
18580 1257
18580 1265
18580 1300
18580 1406
18580 1426
18580 1458
18580 1466
18580 1556
18580 1606
18580 1640
18580 1672
18580 1689
18580 1942
18580 1972
18580 1979
18580 2009
18580 2358
18580 2360
18580 2362
18580 2405
18580 2412
18580 2459
18580 2548
18580 2678
18580 2735
18580 2739
18580 2752
18580 2755
18580 2866
18580 3038
18580 3146
18580 3219
18580 3292
18580 3297
18580 3399
18580 3408
18580 3445
18580 3485
18580 3497
18580 3502
18580 3505
18580 3507
18580 3550
18580 3557
18593 1066
18593 1257
18593 1264
18593 1265
18593 1300
18593 1406
18593 1458
18593 1466
18593 1606
18593 1640
18593 1689
18593 1942
18593 1972
18593 1979
18593 2009
18593 2011
18593 2030
18593 2250
18593 2324
18593 2359
18593 2360
18593 2405
18593 2412
18593 2459
18593 2502
18593 2548
18593 2650
18593 2678
18593 2739
18593 2752
18593 2866
18593 3054
18593 3146
18593 3147
18593 3219
18593 3292
18593 3297
18593 3301
18593 3408
18593 3445
18593 3497
18593 3502
18593 3507
18593 3550
18593 3551
18593 3557
18677 1066
18677 1242
18677 1406
18677 1414
18677 1606
18677 1640
18677 1684
18677 1870
18677 1876
18677 1979
18677 2009
18677 2030
18677 2078
18677 2344
18677 2360
18677 2502
18677 2567
18677 2735
18677 2755
18677 2757
18677 2783
18677 2785
18677 2802
18677 2863
18677 3310
18677 3375
18677 3376
18677 3384
18677 3445
18677 3499
18677 3541
18677 3550
18677 3557
18677 3624
18694 794
18694 1201
18694 1265
18694 1305
18694 1466
18694 1633
18694 1640
18694 1672
18694 1689
18694 1942
18694 1972
18694 2011
18694 2030
18694 2078
18694 2358
18694 2359
18694 2360
18694 2362
18694 2403
18694 2409
18694 2412
18694 2502
18694 2567
18694 2650
18694 2678
18694 2735
18694 2739
18694 2752
18694 2768
18694 2863
18694 2916
18694 3038
18694 3259
18694 3292
18694 3399
18694 3445
18694 3504
18694 3550
18694 3551
18694 3554
18694 3557
18723 794
18723 1066
18723 1113
18723 1257
18723 1264
18723 1265
18723 1300
18723 1406
18723 1466
18723 1538
18723 1606
18723 1640
18723 1689
18723 1870
18723 1942
18723 2011
18723 2254
18723 2358
18723 2359
18723 2360
18723 2403
18723 2405
18723 2502
18723 2548
18723 2567
18723 2678
18723 2752
18723 2755
18723 2784
18723 2805
18723 2866
18723 3038
18723 3054
18723 3292
18723 3297
18723 3381
18723 3383
18723 3384
18723 3399
18723 3505
18723 3507
18723 3557
18737 794
18737 1071
18737 1201
18737 1265
18737 1406
18737 1409
18737 1458
18737 1497
18737 1640
18737 1791
18737 1870
18737 1942
18737 1972
18737 1979
18737 2030
18737 2250
18737 2254
18737 2344
18737 2358
18737 2359
18737 2360
18737 2459
18737 2650
18737 2678
18737 2735
18737 2783
18737 2784
18737 2866
18737 2916
18737 3038
18737 3054
18737 3146
18737 3147
18737 3222
18737 3292
18737 3297
18737 3375
18737 3381
18737 3384
18737 3399
18737 3506
18737 3507
18737 3550
18737 3551
18737 3557
18737 3632
18751 794
18751 1066
18751 1257
18751 1264
18751 1265
18751 1406
18751 1458
18751 1466
18751 1556
18751 1606
18751 1640
18751 1672
18751 1972
18751 2009
18751 2030
18751 2324
18751 2358
18751 2359
18751 2403
18751 2405
18751 2459
18751 2650
18751 2735
18751 2739
18751 2752
18751 2755
18751 2768
18751 2866
18751 3038
18751 3146
18751 3147
18751 3219
18751 3297
18751 3301
18751 3375
18751 3381
18751 3383
18751 3384
18751 3399
18751 3402
18751 3408
18751 3445
18751 3485
18751 3497
18751 3505
18751 3507
18751 3550
18751 3557
18752 794
18752 1257
18752 1264
18752 1265
18752 1426
18752 1458
18752 1556
18752 1606
18752 1672
18752 1689
18752 1942
18752 2009
18752 2030
18752 2324
18752 2344
18752 2359
18752 2360
18752 2362
18752 2403
18752 2405
18752 2459
18752 2650
18752 2678
18752 2735
18752 2739
18752 2752
18752 2755
18752 2768
18752 2866
18752 3038
18752 3146
18752 3219
18752 3292
18752 3297
18752 3301
18752 3381
18752 3383
18752 3399
18752 3402
18752 3485
18752 3497
18752 3502
18752 3505
18752 3507
18752 3550
18752 3557
18753 1066
18753 1257
18753 1264
18753 1406
18753 1426
18753 1458
18753 1556
18753 1640
18753 1672
18753 1942
18753 1972
18753 1979
18753 2009
18753 2030
18753 2324
18753 2358
18753 2359
18753 2360
18753 2362
18753 2502
18753 2650
18753 2678
18753 2735
18753 2739
18753 2752
18753 2768
18753 2866
18753 3146
18753 3292
18753 3301
18753 3383
18753 3384
18753 3485
18753 3497
18753 3502
18753 3507
18753 3550
18753 3557
18754 794
18754 1066
18754 1257
18754 1264
18754 1265
18754 1406
18754 1426
18754 1458
18754 1556
18754 1640
18754 1689
18754 1942
18754 2009
18754 2030
18754 2324
18754 2358
18754 2359
18754 2360
18754 2362
18754 2403
18754 2405
18754 2459
18754 2650
18754 2678
18754 2735
18754 2739
18754 2752
18754 2755
18754 2863
18754 3038
18754 3146
18754 3292
18754 3301
18754 3381
18754 3383
18754 3399
18754 3402
18754 3408
18754 3445
18754 3485
18754 3502
18754 3507
18754 3550
18754 3557
18755 794
18755 1066
18755 1264
18755 1265
18755 1426
18755 1458
18755 1466
18755 1606
18755 1640
18755 1672
18755 1972
18755 1979
18755 2009
18755 2324
18755 2358
18755 2359
18755 2360
18755 2362
18755 2403
18755 2405
18755 2459
18755 2650
18755 2735
18755 2739
18755 2752
18755 2755
18755 2863
18755 3038
18755 3146
18755 3219
18755 3292
18755 3297
18755 3301
18755 3375
18755 3381
18755 3383
18755 3384
18755 3399
18755 3408
18755 3445
18755 3485
18755 3497
18755 3502
18755 3507
18755 3550
18755 3557
18762 794
18762 1066
18762 1257
18762 1264
18762 1265
18762 1300
18762 1406
18762 1458
18762 1606
18762 1640
18762 1689
18762 1942
18762 1972
18762 2009
18762 2250
18762 2324
18762 2359
18762 2360
18762 2362
18762 2405
18762 2459
18762 2650
18762 2678
18762 2735
18762 2752
18762 2755
18762 2866
18762 3038
18762 3146
18762 3219
18762 3292
18762 3297
18762 3301
18762 3375
18762 3381
18762 3383
18762 3408
18762 3445
18762 3497
18762 3504
18762 3507
18762 3550
18762 3557
18769 1066
18769 1257
18769 1264
18769 1265
18769 1406
18769 1458
18769 1466
18769 1633
18769 1640
18769 1689
18769 1942
18769 1972
18769 2324
18769 2358
18769 2359
18769 2360
18769 2362
18769 2405
18769 2412
18769 2459
18769 2502
18769 2650
18769 2678
18769 2735
18769 2751
18769 2863
18769 2866
18769 3054
18769 3146
18769 3219
18769 3222
18769 3259
18769 3292
18769 3297
18769 3375
18769 3381
18769 3383
18769 3399
18769 3408
18769 3445
18769 3502
18769 3550
18769 3551
18769 3552
18769 3554
18769 3557
18770 794
18770 1066
18770 1257
18770 1265
18770 1406
18770 1414
18770 1458
18770 1466
18770 1538
18770 1942
18770 1972
18770 2030
18770 2250
18770 2324
18770 2344
18770 2359
18770 2360
18770 2362
18770 2412
18770 2459
18770 2502
18770 2650
18770 2735
18770 2755
18770 2863
18770 2866
18770 3038
18770 3146
18770 3219
18770 3222
18770 3259
18770 3292
18770 3297
18770 3381
18770 3383
18770 3399
18770 3497
18770 3502
18770 3507
18770 3550
18770 3551
18770 3554
18774 794
18774 1066
18774 1257
18774 1264
18774 1265
18774 1406
18774 1458
18774 1640
18774 1689
18774 1942
18774 1972
18774 2011
18774 2030
18774 2254
18774 2324
18774 2359
18774 2360
18774 2362
18774 2405
18774 2412
18774 2459
18774 2650
18774 2678
18774 2751
18774 2752
18774 2784
18774 2863
18774 3038
18774 3054
18774 3146
18774 3219
18774 3222
18774 3259
18774 3297
18774 3375
18774 3381
18774 3383
18774 3399
18774 3497
18774 3507
18774 3541
18774 3551
18774 3552
18774 3557
18784 794
18784 1264
18784 1265
18784 1300
18784 1414
18784 1458
18784 1640
18784 1689
18784 1942
18784 2011
18784 2030
18784 2250
18784 2254
18784 2324
18784 2360
18784 2362
18784 2405
18784 2412
18784 2459
18784 2502
18784 2650
18784 2678
18784 2735
18784 2751
18784 2752
18784 2755
18784 2768
18784 2863
18784 2950
18784 3038
18784 3054
18784 3146
18784 3219
18784 3222
18784 3259
18784 3292
18784 3297
18784 3375
18784 3383
18784 3497
18784 3541
18784 3550
18784 3552
18784 3554
18784 3557
18811 794
18811 1062
18811 1066
18811 1071
18811 1076
18811 1113
18811 1242
18811 1300
18811 1414
18811 1684
18811 1850
18811 1979
18811 2078
18811 2254
18811 2295
18811 2341
18811 2358
18811 2359
18811 2360
18811 2361
18811 2362
18811 2678
18811 2757
18811 2783
18811 2784
18811 2785
18811 2840
18811 2863
18811 2866
18811 2876
18811 2908
18811 3038
18811 3040
18811 3107
18811 3183
18811 3259
18811 3292
18811 3297
18811 3376
18811 3381
18811 3384
18811 3504
18811 3541
18811 3550
18811 3551
18811 3552
18811 3554
18811 3624
18811 3632
18813 794
18813 819
18813 1066
18813 1071
18813 1201
18813 1264
18813 1265
18813 1406
18813 1409
18813 1497
18813 1606
18813 1640
18813 1682
18813 1870
18813 1979
18813 2030
18813 2250
18813 2252
18813 2324
18813 2344
18813 2359
18813 2360
18813 2372
18813 2409
18813 2502
18813 2567
18813 2678
18813 2753
18813 2755
18813 2783
18813 2831
18813 2866
18813 2938
18813 3038
18813 3054
18813 3068
18813 3146
18813 3147
18813 3149
18813 3222
18813 3292
18813 3296
18813 3298
18813 3382
18813 3384
18813 3399
18813 3505
18813 3507
18813 3550
18813 3557
18851 819
18851 1062
18851 1090
18851 1263
18851 1406
18851 1416
18851 1523
18851 1538
18851 1606
18851 1646
18851 1682
18851 1685
18851 1791
18851 1942
18851 1972
18851 2030
18851 2057
18851 2405
18851 2650
18851 2678
18851 2735
18851 2757
18851 2805
18851 2829
18851 2840
18851 2866
18851 2928
18851 2937
18851 2938
18851 3040
18851 3149
18851 3185
18851 3219
18851 3302
18851 3310
18851 3311
18851 3384
18851 3399
18851 3402
18851 3408
18851 3447
18851 3497
18851 3507
18851 3511
18851 3541
18863 794
18863 1066
18863 1076
18863 1226
18863 1242
18863 1264
18863 1406
18863 1689
18863 1942
18863 1979
18863 2003
18863 2324
18863 2341
18863 2360
18863 2362
18863 2412
18863 2650
18863 2735
18863 2755
18863 2784
18863 2840
18863 2862
18863 2863
18863 2866
18863 2876
18863 3038
18863 3107
18863 3259
18863 3292
18863 3297
18863 3376
18863 3383
18863 3399
18863 3408
18863 3458
18863 3502
18863 3504
18863 3506
18863 3507
18863 3511
18863 3550
18863 3552
18863 3554
18863 3624
18888 1201
18888 1264
18888 1265
18888 1300
18888 1406
18888 1458
18888 1497
18888 1633
18888 1640
18888 1689
18888 1972
18888 1979
18888 2011
18888 2250
18888 2358
18888 2359
18888 2360
18888 2362
18888 2412
18888 2459
18888 2548
18888 2567
18888 2650
18888 2752
18888 2755
18888 2863
18888 2866
18888 3146
18888 3147
18888 3219
18888 3292
18888 3297
18888 3375
18888 3381
18888 3384
18888 3399
18888 3408
18888 3445
18888 3458
18888 3504
18888 3505
18888 3507
18888 3550
18888 3552
18888 3557
18909 794
18909 1066
18909 1071
18909 1076
18909 1201
18909 1226
18909 1264
18909 1305
18909 1409
18909 1414
18909 1606
18909 1640
18909 1689
18909 1791
18909 2030
18909 2090
18909 2250
18909 2254
18909 2360
18909 2502
18909 2678
18909 2739
18909 2783
18909 2866
18909 2908
18909 3038
18909 3054
18909 3068
18909 3183
18909 3185
18909 3259
18909 3292
18909 3297
18909 3302
18909 3381
18909 3399
18909 3402
18909 3458
18909 3505
18909 3551
18909 3632
18939 794
18939 1113
18939 1300
18939 1305
18939 1406
18939 1466
18939 1497
18939 1606
18939 1640
18939 1689
18939 1918
18939 1942
18939 1972
18939 2011
18939 2030
18939 2067
18939 2078
18939 2324
18939 2344
18939 2358
18939 2359
18939 2362
18939 2412
18939 2502
18939 2567
18939 2650
18939 2752
18939 2768
18939 2783
18939 2863
18939 2866
18939 2916
18939 3038
18939 3054
18939 3146
18939 3219
18939 3222
18939 3292
18939 3399
18939 3445
18939 3504
18939 3507
18939 3550
18939 3551
18939 3552
18939 3554
18939 3557
18939 3624
19022 1062
19022 1071
19022 1113
19022 1257
19022 1300
19022 1406
19022 1685
19022 1850
19022 1949
19022 2011
19022 2250
19022 2252
19022 2295
19022 2358
19022 2359
19022 2360
19022 2362
19022 2403
19022 2405
19022 2459
19022 2751
19022 2752
19022 2755
19022 2805
19022 2916
19022 3040
19022 3098
19022 3183
19022 3193
19022 3259
19022 3297
19022 3301
19022 3311
19022 3383
19022 3384
19022 3485
19022 3497
19022 3505
19022 3551
19022 3557
19022 3632
19029 819
19029 1071
19029 1406
19029 1457
19029 1458
19029 1606
19029 1607
19029 1640
19029 1672
19029 1689
19029 1972
19029 1979
19029 2011
19029 2030
19029 2067
19029 2254
19029 2344
19029 2362
19029 2405
19029 2412
19029 2459
19029 2650
19029 2678
19029 2735
19029 2739
19029 2751
19029 2752
19029 2755
19029 2768
19029 2783
19029 2866
19029 3038
19029 3068
19029 3146
19029 3147
19029 3185
19029 3219
19029 3259
19029 3297
19029 3302
19029 3375
19029 3381
19029 3384
19029 3505
19029 3507
19029 3551
19029 3557
19038 819
19038 1062
19038 1066
19038 1354
19038 1414
19038 1458
19038 1606
19038 1635
19038 1682
19038 1790
19038 1942
19038 1972
19038 2003
19038 2008
19038 2030
19038 2324
19038 2502
19038 2548
19038 2567
19038 2650
19038 2685
19038 2735
19038 2739
19038 2833
19038 2840
19038 2866
19038 2908
19038 2937
19038 3037
19038 3038
19038 3068
19038 3086
19038 3146
19038 3185
19038 3222
19038 3311
19038 3399
19038 3402
19038 3546
19038 3550
19050 1062
19050 1409
19050 1457
19050 1458
19050 1511
19050 1523
19050 1606
19050 1640
19050 1672
19050 1682
19050 1685
19050 1689
19050 1790
19050 1942
19050 2003
19050 2011
19050 2057
19050 2090
19050 2210
19050 2344
19050 2405
19050 2533
19050 2768
19050 2783
19050 2805
19050 2829
19050 2876
19050 2908
19050 3037
19050 3038
19050 3104
19050 3183
19050 3219
19050 3298
19050 3310
19050 3311
19050 3447
19050 3457
19050 3497
19050 3551
19050 3554
19052 819
19052 1113
19052 1225
19052 1226
19052 1263
19052 1305
19052 1409
19052 1412
19052 1426
19052 1458
19052 1497
19052 1538
19052 1640
19052 1672
19052 1682
19052 1685
19052 1689
19052 1791
19052 1853
19052 1942
19052 1949
19052 2030
19052 2090
19052 2210
19052 2250
19052 2252
19052 2430
19052 2567
19052 2650
19052 2735
19052 2739
19052 2805
19052 2829
19052 2840
19052 2866
19052 3037
19052 3054
19052 3147
19052 3185
19052 3193
19052 3302
19052 3311
19052 3375
19052 3402
19052 3458
19052 3505
19052 3541
19052 3550
19052 3551
19063 819
19063 1062
19063 1066
19063 1071
19063 1409
19063 1414
19063 1416
19063 1523
19063 1556
19063 1633
19063 1682
19063 1791
19063 1853
19063 1949
19063 2003
19063 2078
19063 2341
19063 2413
19063 2650
19063 2776
19063 2783
19063 2784
19063 2805
19063 2840
19063 2863
19063 2866
19063 2876
19063 2908
19063 2928
19063 3037
19063 3039
19063 3104
19063 3147
19063 3222
19063 3297
19063 3302
19063 3310
19063 3447
19063 3541
19063 3550
19093 1053
19093 1076
19093 1265
19093 1406
19093 1457
19093 1458
19093 1640
19093 1689
19093 1942
19093 1972
19093 1979
19093 2011
19093 2254
19093 2324
19093 2344
19093 2359
19093 2360
19093 2372
19093 2405
19093 2412
19093 2567
19093 2678
19093 2739
19093 2751
19093 2752
19093 2755
19093 2768
19093 2783
19093 2908
19093 3037
19093 3038
19093 3146
19093 3147
19093 3219
19093 3292
19093 3302
19093 3375
19093 3381
19093 3383
19093 3505
19093 3507
19093 3551
19132 1062
19132 1066
19132 1113
19132 1242
19132 1264
19132 1300
19132 1414
19132 1426
19132 1466
19132 1538
19132 1558
19132 1850
19132 1959
19132 1972
19132 1979
19132 2295
19132 2341
19132 2358
19132 2359
19132 2360
19132 2361
19132 2362
19132 2405
19132 2412
19132 2459
19132 2548
19132 2550
19132 2650
19132 2739
19132 2755
19132 2785
19132 2805
19132 2860
19132 2938
19132 3040
19132 3054
19132 3147
19132 3219
19132 3292
19132 3297
19132 3301
19132 3408
19132 3458
19132 3485
19132 3502
19132 3506
19132 3511
19132 3551
19132 3557
19132 3624
19154 1062
19154 1257
19154 1414
19154 1458
19154 1511
19154 1523
19154 1538
19154 1689
19154 2011
19154 2057
19154 2067
19154 2344
19154 2358
19154 2360
19154 2403
19154 2459
19154 2502
19154 2650
19154 2735
19154 2863
19154 2876
19154 3054
19154 3068
19154 3107
19154 3146
19154 3183
19154 3185
19154 3197
19154 3292
19154 3297
19154 3301
19154 3311
19154 3375
19154 3383
19154 3384
19154 3402
19154 3408
19154 3458
19154 3485
19154 3497
19154 3502
19154 3505
19154 3506
19154 3507
19154 3550
19154 3552
19154 3554
19154 3624
19163 1062
19163 1066
19163 1113
19163 1426
19163 1466
19163 1511
19163 1523
19163 1538
19163 1689
19163 1850
19163 2011
19163 2057
19163 2067
19163 2210
19163 2295
19163 2324
19163 2360
19163 2362
19163 2459
19163 2739
19163 2752
19163 2768
19163 2802
19163 2829
19163 2840
19163 2938
19163 3068
19163 3147
19163 3183
19163 3185
19163 3197
19163 3302
19163 3376
19163 3381
19163 3402
19163 3445
19163 3447
19163 3457
19163 3458
19163 3511
19163 3546
19163 3550
19163 3551
19163 3554
19163 3557
19163 3624
19167 1066
19167 1257
19167 1300
19167 1406
19167 1414
19167 1458
19167 1466
19167 1606
19167 1621
19167 1689
19167 1972
19167 1979
19167 2030
19167 2254
19167 2359
19167 2362
19167 2405
19167 2459
19167 2502
19167 2650
19167 2678
19167 2751
19167 2755
19167 2805
19167 2866
19167 2916
19167 2950
19167 2985
19167 2986
19167 3038
19167 3292
19167 3297
19167 3375
19167 3381
19167 3383
19167 3384
19167 3399
19167 3408
19167 3445
19167 3502
19167 3507
19167 3551
19167 3557
19173 1066
19173 1076
19173 1414
19173 1458
19173 1606
19173 1672
19173 1689
19173 1791
19173 1942
19173 2324
19173 2341
19173 2344
19173 2358
19173 2360
19173 2502
19173 2735
19173 2783
19173 2784
19173 2802
19173 2829
19173 2863
19173 3037
19173 3068
19173 3183
19173 3185
19173 3197
19173 3297
19173 3301
19173 3302
19173 3310
19173 3343
19173 3399
19173 3402
19173 3408
19173 3458
19173 3502
19173 3505
19173 3507
19173 3550
19173 3552
19186 1071
19186 1113
19186 1409
19186 1414
19186 1606
19186 1791
19186 1942
19186 2067
19186 2078
19186 2090
19186 2250
19186 2341
19186 2344
19186 2362
19186 2502
19186 2650
19186 2783
19186 2784
19186 2860
19186 2866
19186 2916
19186 3038
19186 3107
19186 3146
19186 3183
19186 3185
19186 3259
19186 3292
19186 3297
19186 3301
19186 3384
19186 3399
19186 3402
19186 3408
19186 3445
19186 3458
19186 3505
19186 3550
19186 3551
19186 3632
19195 1071
19195 1242
19195 1406
19195 1414
19195 1458
19195 1497
19195 1606
19195 1942
19195 1979
19195 2011
19195 2030
19195 2067
19195 2078
19195 2250
19195 2254
19195 2344
19195 2358
19195 2359
19195 2362
19195 2459
19195 2678
19195 2735
19195 2776
19195 2783
19195 2916
19195 3037
19195 3038
19195 3054
19195 3068
19195 3107
19195 3147
19195 3185
19195 3259
19195 3302
19195 3381
19195 3383
19195 3384
19195 3399
19195 3402
19195 3445
19195 3457
19195 3541
19195 3550
19195 3551
19195 3632
19199 1071
19199 1076
19199 1242
19199 1300
19199 1406
19199 1414
19199 1458
19199 1538
19199 1640
19199 1870
19199 1918
19199 2078
19199 2254
19199 2295
19199 2324
19199 2344
19199 2358
19199 2362
19199 2502
19199 2735
19199 2776
19199 2783
19199 2785
19199 2829
19199 2840
19199 2866
19199 2908
19199 2938
19199 3037
19199 3038
19199 3039
19199 3149
19199 3302
19199 3384
19199 3402
19199 3445
19199 3511
19199 3541
19199 3632
19203 1076
19203 1265
19203 1409
19203 1457
19203 1458
19203 1466
19203 1500
19203 1556
19203 1685
19203 1942
19203 2011
19203 2057
19203 2210
19203 2254
19203 2295
19203 2405
19203 2533
19203 2768
19203 2829
19203 2861
19203 2863
19203 2908
19203 2916
19203 2928
19203 2950
19203 3104
19203 3193
19203 3197
19203 3219
19203 3298
19203 3310
19203 3311
19203 3447
19203 3457
19203 3458
19203 3497
19203 3502
19203 3504
19203 3506
19203 3550
19203 3551
19203 3552
19203 3554
19225 1265
19225 1378
19225 1406
19225 1414
19225 1458
19225 1497
19225 1640
19225 1689
19225 2057
19225 2067
19225 2250
19225 2358
19225 2360
19225 2362
19225 2405
19225 2459
19225 2502
19225 2678
19225 2752
19225 2768
19225 2805
19225 2832
19225 3038
19225 3039
19225 3107
19225 3146
19225 3147
19225 3183
19225 3219
19225 3222
19225 3259
19225 3297
19225 3381
19225 3399
19225 3458
19225 3485
19225 3502
19225 3504
19225 3507
19225 3550
19225 3551
19225 3554
