17712 1080
17712 3094
17712 1389
17712 2732
17712 2019
17712 1947
17712 2496
17712 1989
17712 1590
17712 462
17712 3090
17712 3626
17712 2779
15318 3417
15318 3084
15318 1903
15318 3011
15318 207
15318 428
15318 2470
15318 2230
15318 585
15318 2973
15318 87
15318 118
15318 192
15318 2506
15318 3359
9766 2971
9766 944
9766 2276
9766 2986
9766 1297
9766 2984
9766 1091
9766 431
9766 943
9766 2636
9766 32
9766 2373
9766 1923
9766 840
9766 2814
9766 3342
9766 2675
9766 2865
11889 2817
11889 1297
11889 2865
11889 431
11889 3383
11889 840
11889 1288
11889 1622
11889 3452
11889 2768
11889 2636
11889 32
11889 2365
11889 2986
11889 130
11889 1090
11889 2984
11889 1679
19167 2786
19167 1067
19167 2325
19167 3147
19167 1301
19167 2651
19167 1265
19167 3508
19167 2769
19167 3298
19167 3220
19167 3503
19167 2406
19167 3293
19167 1690
14742 2279
14742 2928
14742 1054
14742 2832
14742 760
14742 2507
14742 85
14742 3280
14742 2699
14742 2326
14742 2299
14742 1640
14742 2373
14742 3410
14742 2723
14742 1221
14742 2814
19165 1258
19165 3385
19165 3625
19165 2833
19165 3383
19165 3184
19165 2251
19165 3458
19165 1063
19165 3505
19165 1459
19165 3198
19165 2068
19165 1458
19165 2345
19165 3552
19165 2012
17742 2349
17742 3174
17742 2687
17742 3092
17742 558
17742 2753
17742 492
17742 2814
17742 1477
17742 934
17742 3234
17742 2860
17742 913
17742 1084
17742 3392
17742 1945
19270 2754
19270 2382
19270 3293
19270 3108
19270 3298
19270 1539
19270 2785
19270 2814
19270 2832
19270 1263
19270 2373
19270 3260
19270 3377
19270 1410
19270 2860
19270 2831
19270 3234
19270 3198
11643 32
11643 2373
11643 2768
11643 3077
11643 1344
11643 2787
11643 2737
11643 1288
11643 3383
11643 1241
11643 2706
11643 2301
11643 3155
19044 3186
19044 3403
19044 3303
19044 3312
19044 1077
19044 1410
19044 1683
19044 1524
19044 3446
19044 2830
19044 1792
19044 1114
19044 3069
19044 2651
19044 2031
19044 820
19044 1539
12536 1465
12536 2558
12536 3092
12536 1831
12536 1474
12536 3132
12536 3203
12536 3066
12536 1097
12536 3244
12536 618
12536 393
12536 673
12536 45
12536 2899
12531 45
12531 3066
12531 673
12531 2557
12531 393
12531 1097
12531 3442
12531 3107
12531 2558
12531 618
12531 2388
12531 449
12531 3203
19320 2830
19320 3498
19320 2404
19320 3507
19320 1985
19320 1690
19320 1792
19320 1427
19320 3303
19320 2651
14725 3383
14725 1850
14725 2723
14725 1007
14725 2986
14725 2846
14725 1091
14725 2507
14725 3190
14725 1618
14725 2844
14725 1252
14725 3033
14725 2865
14725 431
14725 2003
14725 85
14725 2636
14725 2483
19313 3147
19313 3069
19313 2363
19313 1410
19313 3293
19313 3486
19313 1851
19313 2079
19313 2004
19313 3459
19313 3298
19313 2877
19313 3403
19313 3506
15987 130
15987 3151
15987 3597
15987 922
15987 2292
15987 223
15987 1539
15987 2753
15987 3080
15987 1298
15987 3487
19306 3558
19306 3384
19306 2785
19306 3377
19306 2651
19306 3069
19306 3446
19306 2756
19306 2004
19306 1690
19306 1410
19306 1407
19306 2917
19306 2251
19302 2255
19302 1407
19302 3558
19302 3303
19302 1459
19302 3293
19302 2360
19302 2031
19302 3260
19302 2361
19302 2753
19302 1641
19302 1792
19302 2651
19302 3039
19302 1607
19302 3382
19302 2413
18800 2679
18800 1607
18800 1973
18800 1407
18800 2867
18800 795
18800 2651
18800 3558
18800 2736
18800 1641
18800 2939
18800 1301
18800 1690
18800 2031
18800 3220
18800 2753
18800 3508
18800 2010
18800 3400
19312 1539
19312 2769
19312 3498
19312 1557
19312 3220
19312 2251
19312 1410
19312 3508
19312 1427
19312 2010
19312 3503
19312 1973
19312 1686
19312 3147
19312 2752
19238 1690
19238 2251
19238 2406
19238 1458
19238 3505
19238 1459
19238 2917
19238 2833
19238 3552
19238 1258
19238 1407
19238 2345
19238 3385
19238 3625
19238 3458
19238 2359
19238 2068
19238 3459
19238 3184
16937 1413
16937 2806
16937 1087
16937 1222
16937 2549
16937 3220
16937 1301
16937 2458
16937 2010
16937 259
16937 1982
16937 2753
17723 3383
17723 1345
17723 1622
17723 476
17723 2625
17723 2686
17723 2958
17723 1736
17723 2464
17723 2761
17723 938
17723 2984
17723 2645
17723 1838
17723 1337
17723 2986
17723 3304
19160 1063
19160 2004
19160 1427
19160 3298
19160 2841
19160 1685
19160 2786
19160 1877
19160 3500
19160 1797
19160 3105
19160 1871
19391 2687
19391 3234
19391 2866
19391 3392
19391 2373
19391 2860
19391 2814
19391 3383
19391 3297
19391 2832
19176 3311
19176 1067
19176 2864
19176 3458
19176 3508
19176 3459
19176 3198
19176 3069
19176 2806
19176 3223
19176 3186
19176 3303
11644 1565
11644 2787
11644 3383
11644 1241
11644 32
11644 1288
11644 2844
11644 2301
11644 1297
11644 3077
11644 2706
11644 2737
11644 2768
11644 3155
11644 2373
7663 3452
7663 2865
7663 29
7663 2323
7663 1297
7663 3297
7663 2723
7663 2971
7663 2938
7663 2326
19262 2754
19262 3234
19262 3383
19262 2687
19262 2373
19262 3297
19262 1263
19262 2831
19262 2814
19262 2860
19262 2832
19299 3147
19299 1690
19299 2068
19299 3108
19299 3459
19299 3383
19299 1407
19299 2753
19299 3552
19299 3555
19299 3260
19299 3508
19299 2361
19299 3400
19213 3377
19213 2079
19213 1114
19213 1683
19213 2359
19213 2877
19213 3446
19213 1227
19213 2785
19213 1539
19213 1266
19213 3385
19260 3392
19260 2831
19260 3234
19260 1263
19260 2832
19260 2814
19260 3383
19260 2938
19260 2373
19260 3297
19260 2860
19260 2687
7664 1091
7664 29
7664 215
7664 780
7664 3606
7664 814
7664 2505
7664 1833
7664 1640
7664 1826
7664 3594
16095 2860
16095 3383
16095 2373
16095 3059
16095 3234
16095 2687
16095 135
16095 2832
16095 2754
16095 2814
18844 2814
18844 2806
18844 1301
18844 1063
18844 2651
18844 3234
18844 3297
18844 2373
18844 2753
18844 3383
18844 2832
18844 3220
18844 795
18844 2860
19228 2031
19228 1854
19228 1673
19228 2556
19228 1557
19228 1467
19228 1265
19228 1258
19228 2736
19228 1973
19228 3147
19228 3506
19228 2406
5867 1579
5867 2760
5867 217
5867 1069
5867 2324
5867 1533
5867 3435
5867 1995
5867 21
5867 3329
5867 3624
5867 725
5867 1767
5867 635
18734 795
18734 3498
18734 1410
18734 3293
18734 1690
18734 2786
18734 2406
18734 1557
18734 2753
18734 1266
18734 3503
18734 2769
18734 3220
18734 1539
18734 3508
18734 3551
18734 2864
3685 1850
3685 1007
3685 1618
3685 3315
3685 3190
3685 2263
3685 12
3685 2483
3685 2814
3685 1528
19036 2929
19036 3403
19036 1686
19036 820
19036 2841
19036 2058
19036 1410
19036 1063
19036 2004
19036 1792
19036 1683
19036 2863
19036 2830
19036 3186
19036 2410
19036 3069
19171 3184
19171 1690
19171 3542
19171 3303
19171 3311
19171 1792
19171 3458
19171 2404
19171 2568
19171 1501
19171 3547
19171 3498
19171 3105
19171 1067
19171 3409
19130 3385
19130 2806
19130 1690
19130 3403
19130 1512
19130 1427
19130 1063
19130 3069
19130 2004
19130 2841
19130 2830
19130 1539
19130 2753
19130 2916
19130 3547
16695 2332
16695 1288
16695 3151
16695 2706
16695 259
16695 2686
16695 1565
16695 355
16695 2832
16695 1874
16695 215
16695 982
16695 2737
16695 3367
16695 1054
16695 240
16695 1994
18818 1410
18818 3220
18818 2753
18818 1427
18818 2806
18818 1640
18818 1656
18818 1495
18818 795
18818 1539
18818 1266
18818 2406
18818 1063
16753 1030
16753 1396
16753 834
16753 3345
16753 361
16753 1517
16753 1843
16753 3057
16753 2139
16753 3411
16753 216
19002 3558
19002 3403
19002 2058
19002 3186
19002 3512
19002 3303
19002 820
19002 3069
19002 2830
19002 1524
19002 3148
19002 3105
19002 3299
19002 2079
19002 2769
19002 2863
19194 3293
19194 3506
19194 2406
19194 1690
19194 3383
19194 3298
19194 2769
19194 3220
19194 3503
19194 3147
19194 3508
19194 1067
19194 1265
19194 2786
16309 2005
16309 1763
16309 2438
16309 458
16309 2814
16309 1986
16309 1727
16309 596
16309 2546
16309 1979
16309 161
17104 1597
17104 3445
17104 3470
17104 3049
17104 2297
17104 3438
17104 591
17104 286
17104 1907
17104 948
17104 527
17104 2077
17104 1768
17104 1751
17104 652
17104 3434
17104 1075
17104 827
17104 3526
11032 1372
11032 2636
11032 1559
11032 1252
11032 2816
11032 840
11032 1298
11032 276
11032 1051
11032 215
11032 1091
11032 3594
11032 1742
11032 2798
11032 32
11032 2365
11032 2737
11032 2844
11032 3249
10850 1367
10850 2971
10850 2723
10850 32
10850 3383
10850 2844
10850 1241
10850 3249
10850 2279
10850 1718
10850 2636
10850 2846
10850 431
10850 2986
10850 2865
10850 2334
11498 3580
11498 289
11498 969
11498 1007
11498 3190
11498 1618
11498 3103
11498 1297
11498 2486
11498 2507
11498 788
11498 3033
11498 2865
11498 1850
11498 2870
11498 32
11498 2483
19231 3039
19231 2012
19231 3220
19231 2031
19231 1690
19231 3038
19231 2325
19231 1557
19231 3448
19231 3498
19231 2010
19231 1258
19231 1641
19231 3558
19157 3507
19157 3403
19157 1683
19157 1410
19157 1063
19157 3311
19157 2756
19157 3069
19157 3186
19157 1539
19157 3105
19157 2830
19157 2863
19157 3377
19157 3458
19060 2031
19060 820
19060 2325
19060 2651
19060 1063
19060 1690
19060 1973
19060 3069
19060 2549
19060 3403
19181 1067
19181 2753
19181 1539
19181 2806
19181 1266
19181 1265
19181 1427
19181 3220
19181 1410
19181 2406
19181 1301
19181 2786
19181 3498
19181 1673
19169 3039
19169 3508
19169 2864
19169 1641
19169 1690
19169 2549
19169 2325
19169 2753
19169 1301
19169 2010
19169 3147
19169 2867
19169 2651
19169 1067
17804 3383
17804 2636
17804 2865
17804 1150
17804 548
17804 928
17804 2678
17804 2464
17804 3151
17804 1318
17804 3059
17804 2195
17804 3342
17804 3431
17804 1279
17804 1139
17154 2986
17154 1860
17154 3080
17154 780
17154 3055
17154 840
17154 299
17154 2939
17154 3079
17154 1686
17154 3311
17154 3146
17154 1980
17154 1501
19298 3147
19298 3108
19298 3400
19298 1407
19298 1690
19298 2361
19298 3508
19298 3260
19298 3555
19298 2753
19298 3552
19298 3459
19298 2068
19298 3383
17168 2091
17168 2814
17168 2938
17168 1468
17168 3039
17168 3147
17168 2087
17168 309
17168 3403
17168 3552
17168 2831
17168 814
17168 1263
17168 3385
17168 3069
12244 584
12244 3080
12244 911
12244 206
12244 2671
12244 2849
12244 1896
12244 571
12244 533
12244 883
12244 846
12244 1683
12244 1257
12244 847
12244 41
5443 50
5443 2143
5443 18
5443 1583
5443 3244
5443 1891
5443 1054
5443 1492
5443 3315
5443 983
5443 1331
5443 2687
5443 1288
17530 2588
17530 840
17530 798
17530 2937
17530 2324
17530 558
17530 1263
17530 369
17530 2814
17530 3297
17530 2574
17530 2831
17530 2009
17530 2195
19099 2814
19099 2373
19099 2832
19099 2866
19099 2860
19099 3383
19099 3392
19099 2300
19099 1061
19099 3297
19059 2031
19059 2651
19059 1973
19059 1067
19059 2325
19059 2549
19059 1063
19059 3147
19059 3403
19059 820
18098 2806
18098 1690
18098 1973
18098 1427
18098 1265
18098 1467
18098 2549
18098 1301
18098 3220
18098 1673
18098 2406
18098 2786
18098 795
18098 2679
18098 2769
18098 1539
18098 1067
18098 2753
18098 1258
19082 1506
19082 1833
19082 1054
19082 892
19082 1858
19082 3151
19082 1091
19082 3079
19082 3383
19082 2373
19082 1826
19082 2029
19082 2860
19082 1716
18034 2986
18034 1850
18034 3190
18034 836
18034 1618
18034 2483
18034 2507
18034 2299
18034 3033
18034 2191
18034 1007
18034 1622
18034 1221
18034 788
18034 1647
17720 2416
17720 476
17720 1340
17720 573
17720 2814
17720 2958
17720 1343
17720 3304
17720 1847
17720 1867
17720 1832
17720 1708
17720 1446
18104 3220
18104 2753
18104 1301
18104 1410
18104 1641
18104 1063
18104 1413
18104 2806
18104 795
18104 1539
17670 3148
17670 689
17670 500
17670 813
17670 3542
17670 2079
17670 1501
17670 1587
17670 624
17670 2373
17670 3370
17670 2503
17670 1410
17670 3220
17670 2369
17670 1683
17670 432
19293 1919
19293 1673
19293 1410
19293 1557
19293 1301
19293 2010
19293 2549
19293 3220
19293 3498
19293 2786
19293 1413
19293 2753
19301 2832
19301 3220
19301 3303
19301 2360
19301 3260
19301 3293
19301 3382
19301 3234
19301 2031
19301 1459
19301 2753
19301 1690
19301 2363
19301 2860
19301 3298
19301 1607
19301 2651
19301 3039
19301 1407
19380 2373
19380 2860
19380 3234
19380 2687
19380 3383
19380 2814
19380 2938
19380 3297
19380 2832
19380 2866
19063 1539
19063 3186
19063 2404
19063 820
19063 3498
19063 3069
19063 1067
19063 3303
19063 1114
19063 1792
19063 3558
19068 820
19068 1063
19068 3403
19068 1973
19068 2549
19068 3069
19068 2325
19068 2938
19068 2651
19068 2814
19068 2031
19158 2568
19158 3458
19158 2917
19158 2785
19158 2503
19158 3377
19158 2756
19158 1410
19158 3150
19158 3507
19158 2004
19158 2251
19158 1683
19158 1063
19158 1227
19158 1512
19018 3260
19018 3409
19018 3293
19018 3625
19018 1227
19018 820
19018 3298
19018 3505
19018 1114
19018 1851
19018 3299
19018 2877
19018 2404
19337 3459
19337 2068
19337 2769
19337 1690
19337 2363
19337 3147
19337 3220
19337 2740
19337 2864
19337 3409
19282 2679
19282 1673
19282 2752
19282 2806
19282 1266
19282 1407
19282 2753
19282 2010
19282 1973
19282 1539
19282 3400
19282 3384
19282 1265
19282 2360
19282 3220
19282 2756
19054 3055
19054 2253
19054 2866
19054 1683
19054 1063
19054 2832
19054 3069
19054 2830
19054 2373
19054 2753
19054 820
19054 3108
19054 1539
19054 2413
19054 3303
18443 795
18443 2325
18443 1067
18443 2769
18443 3558
18443 2753
18443 1690
18443 3552
18443 3220
18443 2679
18443 3293
18443 3384
18443 2361
18443 3223
18443 2360
18443 1407
18443 3503
18443 3147
19392 2373
19392 2832
19392 2687
19392 3392
19392 2866
19392 2860
19392 2814
19392 3234
19392 3297
19392 3383
2581 1333
2581 1007
2581 2483
2581 1850
2581 1618
2581 2687
2581 625
2581 2489
2581 3315
2581 2669
2581 2974
2581 788
2581 12
2581 2256
2581 3190
19127 1512
19127 3376
19127 3069
19127 1427
19127 2736
19127 3403
19127 3512
19127 3551
19127 1539
19127 2753
19127 3542
19127 3148
19127 1063
19127 3458
13055 1337
13055 711
13055 3151
13055 674
13055 1298
13055 3431
13055 1766
13055 50
13055 3155
13055 3146
13055 3149
19283 1266
19283 2832
19283 2753
19283 3220
19283 2806
19283 2752
19283 3384
19283 2866
19283 1539
19283 2679
19283 2756
19283 1673
19283 2651
15938 1298
15938 3155
15938 711
15938 1288
15938 3152
15938 1347
15938 130
15938 3487
15938 1054
15938 2834
15938 3151
15938 1683
15938 2814
15938 2249
15938 3149
15938 1565
15938 3186
15938 890
19219 2031
19219 1427
19219 3312
19219 1634
19219 1410
19219 3409
19219 3446
19219 1202
19219 1854
19219 1498
19219 2651
19219 1266
19219 1306
19219 1641
19219 2830
19219 1686
19219 3194
18475 1410
18475 2255
18475 1501
18475 3547
18475 1792
18475 2803
18475 795
18475 2004
18475 3448
18475 3192
18475 1114
18475 1063
18475 3303
2245 1138
2245 3420
2245 3419
2245 1928
2245 1027
2245 3581
2245 687
2245 2488
2245 11
2245 3309
2245 2814
2245 1359
2245 1941
2245 1615
2245 2968
2245 116
17215 3403
17215 2325
17215 630
17215 2651
17215 1826
17215 2938
17215 726
17215 820
17215 1922
17215 1063
17215 1973
17215 2781
17215 343
17215 3069
17215 2549
19144 2860
19144 1063
19144 3505
19144 3458
19144 2917
19144 2359
19144 2833
19144 1413
19144 2360
19144 3383
19144 1407
19144 2679
19144 2361
19144 3384
19144 3625
19144 3385
19144 2068
19144 2736
2611 1298
2611 2483
2611 2995
2611 3280
2611 12
2611 2299
2611 2507
2611 969
2611 2301
2611 2928
2611 2037
2611 1252
2611 2551
19034 3201
19034 2549
19034 2951
19034 1919
19034 1063
19034 2431
19034 2211
19034 2862
19034 820
19034 1861
19034 2078
19034 2841
19034 1791
19034 2758
19034 1301
19034 1797
19263 3234
19263 2832
19263 2687
19263 3392
19263 1263
19263 3383
19263 2938
19263 2831
19263 2860
19263 2373
19263 3297
19459 3059
19459 2832
19459 2754
19459 3392
19459 3383
19459 3297
19459 2814
19459 3234
19459 2860
19459 2373
17780 1759
17780 2937
17780 1917
17780 2814
17780 1445
17780 2837
17780 3554
17780 1677
17780 768
17780 1352
17780 1538
17780 2838
17780 509
17780 2445
17780 510
17780 1442
17780 3635
19280 1791
19280 3260
19280 2296
19280 1265
19280 2503
19280 3625
19280 1861
19280 3503
19280 2341
19280 1557
19280 2803
19280 3506
19138 1227
19138 1264
19138 1686
19138 2822
19138 3506
19138 1114
19138 3298
19138 1458
19138 2404
19138 1063
19138 1685
19138 1410
19138 1608
19138 3148
19138 2534
15348 1492
15348 1331
15348 983
15348 294
15348 90
15348 2938
15348 1044
15348 2649
15348 3339
15348 1127
19432 2814
19432 3234
19432 2860
19432 3297
19432 3383
19432 2373
19432 2832
19432 2754
19432 2687
19432 3392
19152 2549
19152 2806
19152 3220
19152 1427
19152 1063
19152 1413
19152 2753
19152 2406
19152 1266
19152 1539
17167 1691
17167 1973
17167 1539
17167 2880
17167 873
17167 2806
17167 1673
17167 2753
17167 308
17167 1467
17167 1140
13792 2860
13792 3085
13792 609
13792 1262
13792 1759
13792 58
13792 802
13792 1891
13792 2814
13792 2938
13792 3383
13792 1760
13792 3442
13792 2521
13792 2382
18958 3376
18958 1641
18958 2754
18958 1067
18958 1539
18958 2679
18958 2360
18958 2404
18958 1973
18958 3507
18958 3383
18958 795
18958 1407
18958 2373
18958 2756
18701 2373
18701 1891
18701 2769
18701 1683
18701 2753
18701 2058
18701 1410
18701 3220
18701 1063
18701 1301
18701 2651
18701 1641
18701 1557
18701 3383
18701 2814
18701 795
18701 3299
18701 2877
19291 3069
19291 3303
19291 1467
19291 1683
19291 3403
19291 1407
19291 3507
19291 1266
19291 3312
19291 1539
19291 2830
19291 3384
19338 3409
19338 2740
19338 2363
19338 2864
19338 3220
19338 2769
19338 2068
19338 3459
19338 1690
19338 3147
15453 1583
15453 3171
15453 2804
15453 210
15453 1331
15453 2728
15453 92
15453 588
15453 2470
15453 1891
15453 983
17978 3249
17978 2612
17978 2814
17978 2365
17978 3080
17978 3151
17978 2892
17978 1263
17978 1565
17978 2706
17978 758
17978 840
17872 2373
17872 3605
17872 790
17872 2886
17872 709
17872 3394
17872 1406
17872 1629
17872 629
17872 1001
17872 3362
17872 2791
17872 1127
17872 681
17872 3521
19142 1539
19142 3186
19142 3377
19142 2841
19142 2004
19142 2651
19142 1063
19142 1608
19142 3625
19142 3069
19142 3403
19142 2830
19142 1512
19142 1264
19142 3409
5418 3080
5418 2814
5418 50
5418 3399
5418 2938
5418 58
5418 2737
5418 18
5418 2365
5418 3149
5418 1298
5418 2834
5418 3155
5418 2616
5418 3392
5418 130
19223 1251
19223 3297
19223 3383
19223 2832
19223 1727
19223 2323
19223 1446
19223 1263
19223 3152
19223 2860
19223 1847
19325 3505
19325 2251
19325 2345
19325 3625
19325 3184
19325 2917
19325 3385
19325 1459
19325 3384
19325 3039
19325 3458
19325 1943
19325 2068
19325 3552
15253 1918
15253 3452
15253 1134
15253 1233
15253 1867
15253 85
15253 2279
15253 1240
15253 2551
15253 2814
15253 760
15253 2087
15253 1922
15253 791
16125 2754
16125 3297
16125 2373
16125 3059
16125 2832
16125 3383
16125 3234
16125 135
16125 2814
16125 2860
16125 2938
5016 1891
5016 2686
5016 675
5016 15
5016 56
5016 2936
5016 31
5016 1054
5016 3185
5016 2814
