2244 10 115 686 1137 1358 1614 1940 2487 2967 3308 3418 3419 3580
2580 624 787 1006 1332 1849 2255 2482 2488 2686 3189 3314
2610 11 968 1251 2036 2298 2300 2482 2506 2927 2994 3279
3684 11 1006 1527 1617 1849 2262 3314
5442 17 982 1053 1287 1330 1582 1890 2142 3243 3314
5866 20 634 724 1068 1532 1578 1994 2323 2759 3328 3434 3623
7662 1296 2322 2325 2722 2864 2937 2970 3296
7663 28 214 779 813 1639 1832 3593 3605
9765 31 430 942 943 1296 2275 2372 2674 2813 2970 2985 3341
10849 31 430 1240 1366 1717 2333 2635 2722 2843 2985 3248 3382
11031 31 214 275 839 1050 1090 1251 1371 1558 1741 2364 2635 2736 2797 2815 2843 3248
11497 31 288 787 968 1006 1296 1617 1849 2482 2485 2864 3032
11642 31 1240 1287 2300 2372 2705 2736 2767 2786 3154
11643 1287 1296 1564 2300 2372 2705 2736 2767 2786 2843 3076 3154 3382
11888 31 129 430 839 1089 1296 1621 1678 2364 2767 2816 2864 2983 2985 3382
12243 532 570 583 845 846 882 910 1256 1682 2670 3079
12530 44 392 617 672 1096 2387 2556 2557 3065 3106 3202
12535 44 392 617 672 1096 1464 1473 1830 2557 3065 3091 3131 3202 3243
13054 49 1336 1765 3145 3148 3150 3430
13791 57 608 801 1261 1758 1759 1890 2381 2813 2859 2937 3084 3382 3441
14724 84 430 1090 1251 1617 1849 2002 2482 2506 2635 2722 2845 2864 3032 3189 3382
14741 759 1053 1220 2278 2298 2325 2372 2506 2722 2813 2831 3409
15317 86 117 427 584 1902 2469 2505 3010 3083 3358 3416
15347 89 293 982 1043 1330 1491 2937
15937 129 710 889 1053 1287 1297 1564 1682 2248 2813 3148 3150 3151 3154 3185 3486
15986 129 921 1538 2291 3079 3150
16094 2686 2813 2831 2859 3058 3382
16308 160 457 595 1726 1978 1985 2004 2437 2545
16694 239 258 354 981 1053 1287 1873 1993 2331 2705 2736 2831 3150
16752 215 833 1395 1842 2138 3056 3344 3410
16936 258 1086 1221 1300 1412 1981 2457 2548 2805 3219
17103 285 526 651 826 947 1074 1596 1767 2076 2296 3048 3433 3437 3444 3469 3525
17153 298 779 839 1500 1685 1859 1979 2938 2985 3054 3078 3079 3310
17166 307 872 1139 1466 1538 1672 1690 2752 2805 2879
17167 308 1262 1467 2086 2090 2813 2830 3038 3068 3146 3384 3402 3551
17214 629 725 819 1062 1825 1921 1972 2324 2650 2780 2937 3402
17529 368 557 797 839 1262 2008 2194 2323 2573 2813 2830 2936 3296
17669 431 499 623 688 1409 1500 1586 1682 2078 2372 2502 3219 3369 3541
17711 461 1388 1589 1946 1988 2018 2731 2778 3089 3093 3625
17719 475 572 1339 1445 1707 1846 1866 2415 2813 2957 3303
17722 475 937 1344 1735 1837 2463 2624 2685 2760 2983 2985 3303
17741 557 912 1476 1944 2752 2813 2859 3091 3173 3233 3391
17779 508 509 767 1351 1441 1537 1676 1758 2444 2813 2836 2936 3553 3634
17803 547 927 1138 1278 2194 2463 2635 2677 3058 3150 3341 3382 3430
18033 787 835 1006 1220 1621 2190 2298 2506 2985
18097 794 1066 1257 1300 1426 1466 1538 1672 1689 1972 2405 2548 2678 2752 2768 2785 2805 3219
18103 794 1300 1409 1412 1538 2752 2805 3219
18442 794 1066 1689 2324 2359 2360 2678 2752 2768 3146 3219 3222 3292 3502 3551 3557
18474 1062 1500 1791 2003 2254 2802 3191 3302 3546
18733 794 1265 1409 1538 1556 1689 2405 2752 2768 2785 3219 3292 3497 3502 3507 3550
18799 794 1300 1689 1972 2030 2678 2735 2752 2866 3219 3399 3507 3557
18817 794 1062 1409 1494 1538 1639 1655 2405 2752 2805 3219
18843 794 1062 1300 2650 2752 2805 2813 2859 3219 3233 3296 3382
18957 794 1066 1538 1640 2753 3375 3382 3506
19001 819 1523 2057 2078 2768 2829 2862 3068 3104 3147 3185 3298 3302 3511 3557
19017 819 1113 1226 2403 2876 3259 3292 3298 3408 3624
19033 819 1300 1790 1796 1918 2077 2210 2430 2548 2757 2840 2861 2950 3200
19035 819 1409 1791 2003 2057 2409 2840 2862 2928 3068 3185 3402
19043 819 1076 1113 1409 1523 1538 1682 1791 2030 2650 3185 3302 3311 3402
19053 819 1062 1538 1682 2372 2752 2831 2865 3054 3068 3107 3302
19058 1062 1066 1972 2030 2324 2548 2650 3146 3402
19059 819 1062 1689 1972 2030 2324 2548 2650 3068 3402
19062 819 1538 1791 2403 3068 3185 3302 3497 3557
19067 819 1062 2030 2324 2548 2650 2813 3068 3402
19081 1505 1715 1825 1832 2372 2859 3078 3150 3382
19098 1060 2813 2831 2859 2865 3296 3382 3391
19126 1062 1426 1511 1538 2735 3068 3375 3402 3457 3511 3541 3550
19129 1062 1426 1511 1538 1689 2752 2805 2829 2840 3068 3384 3402 3546
19137 1062 1113 1226 1263 1409 1457 1607 1684 1685 2533 2821 3147 3297 3505
19143 1062 1406 1412 2067 2358 2359 2360 2678 2735 2832 2859 2916 3382 3383 3384 3504 3624
19151 1062 1265 1426 1538 2405 2548 2752 2805 3219
19156 1062 1538 1682 2755 2829 2862 3068 3104 3185 3310 3402 3506
19157 1062 1409 1511 1682 2003 2250 2502 2567 2755 2784 2916 3149 3376 3506
19159 1062 1684 1796 1876 2003 2785 2840 3297 3499
19164 1257 1457 1458 2011 2344 2832 3197 3382 3457 3504 3551 3624
19166 1066 1264 1300 1689 2324 2405 2650 2768 2785 3292 3297 3502 3507
19168 1066 1300 1689 2324 2548 2650 2752 2866 3507
19170 1066 1500 1689 2403 3104 3310 3457 3497 3541 3546
19175 1066 2805 3068 3185 3197 3222 3302 3310 3457 3458 3507
19180 1066 1264 1265 1300 1426 1538 1672 2405 2752 2785 2805 3219 3497
19193 1264 2405 2768 2785 3146 3219 3292 3297 3382 3505
19212 1113 1265 1538 2078 2358 2784 3376 3445
19218 1201 1265 1305 1409 1426 1497 1633 1640 1685 2030 2829 3193 3311
19227 1466 1556 1853 2030 2405 2555 3505
19230 1257 1556 1640 1689 2009 2030 3037 3038 3219 3447 3497 3557
19237 1257 1406 1457 1458 1689 2067 2250 2344 2832 3183 3458 3504 3551 3624
19259 1262 2372 2686 2813 2830 2831 2859 2937 3233 3296 3382 3391
19261 1262 2372 2686 2753 2813 2859 3296
19262 1262 2372 2686 2830 3233 3296 3382 3391
19269 1262 1538 2372 2381 2813 2830 2831 3107 3197 3233 3259 3292 3297 3376
19279 1264 1556 2295 2502 3259 3505
19281 1264 1265 1406 1538 1672 1972 2009 2359 2752 2805 3219 3383 3399
19282 1265 1538 1672 2650 2678 2752 2755 2805 2831 2865 3219 3383
19292 1300 1412 1556 1672 1918 2548 2752 2785 3219 3497
19297 1406 1689 2360 3107 3146 3259 3382 3399 3458 3507 3551 3554
19298 1406 1689 2067 2360 2752 3107 3259 3399 3458 3507 3551 3554
19300 1406 1458 1606 1689 2030 2359 2362 2650 2752 2831 2859 3038 3219 3259 3292 3297 3302 3381
19301 1406 1458 1640 2254 2360 2412 2752 3038 3259 3292 3302 3381 3557
19305 1406 1689 2003 2650 2755 2784 2916 3068 3376 3383 3445 3557
19311 1409 1426 1538 1685 1972 2009 2250 2751 2768 3219 3497 3502 3507
19312 1409 1850 2362 3068 3146 3292 3297 3402 3485 3505
19319 1426 1689 1791 1984 2403 2650 2829 3302 3497 3506
19336 1689 2067 2362 2739 2768 2863 3146 3219 3408 3458
19379 2372 2686 2831 3296
19390 2372 2686 2813 2831 2865 3296 3382 3391
19391 2686 2813 2831 2859 2865 3233 3391
19431 2372 2686 2753 2831 2859 3233 3296 3391
19458 2372 2753 2813 2831 3058 3233 3296
