2244 10
2244 115
2244 686
2244 1137
2244 1358
2244 1614
2244 1940
2244 2487
2244 2967
2244 3308
2244 3418
2244 3419
2244 3580
2580 624
2580 787
2580 1006
2580 1332
2580 1849
2580 2255
2580 2482
2580 2488
2580 2686
2580 3189
2580 3314
2610 11
2610 968
2610 1251
2610 2036
2610 2298
2610 2300
2610 2482
2610 2506
2610 2927
2610 2994
2610 3279
3684 11
3684 1006
3684 1527
3684 1617
3684 1849
3684 2262
3684 3314
5442 17
5442 982
5442 1053
5442 1287
5442 1330
5442 1582
5442 1890
5442 2142
5442 3243
5442 3314
5866 20
5866 634
5866 724
5866 1068
5866 1532
5866 1578
5866 1994
5866 2323
5866 2759
5866 3328
5866 3434
5866 3623
7662 1296
7662 2322
7662 2325
7662 2722
7662 2864
7662 2937
7662 2970
7662 3296
7663 28
7663 214
7663 779
7663 813
7663 1639
7663 1832
7663 3593
7663 3605
9765 31
9765 430
9765 942
9765 943
9765 1296
9765 2275
9765 2372
9765 2674
9765 2813
9765 2970
9765 2985
9765 3341
10849 31
10849 430
10849 1240
10849 1366
10849 1717
10849 2333
10849 2635
10849 2722
10849 2843
10849 2985
10849 3248
10849 3382
11031 31
11031 214
11031 275
11031 839
11031 1050
11031 1090
11031 1251
11031 1371
11031 1558
11031 1741
11031 2364
11031 2635
11031 2736
11031 2797
11031 2815
11031 2843
11031 3248
11497 31
11497 288
11497 787
11497 968
11497 1006
11497 1296
11497 1617
11497 1849
11497 2482
11497 2485
11497 2864
11497 3032
11642 31
11642 1240
11642 1287
11642 2300
11642 2372
11642 2705
11642 2736
11642 2767
11642 2786
11642 3154
11643 1287
11643 1296
11643 1564
11643 2300
11643 2372
11643 2705
11643 2736
11643 2767
11643 2786
11643 2843
11643 3076
11643 3154
11643 3382
11888 31
11888 129
11888 430
11888 839
11888 1089
11888 1296
11888 1621
11888 1678
11888 2364
11888 2767
11888 2816
11888 2864
11888 2983
11888 2985
11888 3382
12243 532
12243 570
12243 583
12243 845
12243 846
12243 882
12243 910
12243 1256
12243 1682
12243 2670
12243 3079
12530 44
12530 392
12530 617
12530 672
12530 1096
12530 2387
12530 2556
12530 2557
12530 3065
12530 3106
12530 3202
12535 44
12535 392
12535 617
12535 672
12535 1096
12535 1464
12535 1473
12535 1830
12535 2557
12535 3065
12535 3091
12535 3131
12535 3202
12535 3243
13054 49
13054 1336
13054 1765
13054 3145
13054 3148
13054 3150
13054 3430
13791 57
13791 608
13791 801
13791 1261
13791 1758
13791 1759
13791 1890
13791 2381
13791 2813
13791 2859
13791 2937
13791 3084
13791 3382
13791 3441
14724 84
14724 430
14724 1090
14724 1251
14724 1617
14724 1849
14724 2002
14724 2482
14724 2506
14724 2635
14724 2722
14724 2845
14724 2864
14724 3032
14724 3189
14724 3382
14741 759
14741 1053
14741 1220
14741 2278
14741 2298
14741 2325
14741 2372
14741 2506
14741 2722
14741 2813
14741 2831
14741 3409
15317 86
15317 117
15317 427
15317 584
15317 1902
15317 2469
15317 2505
15317 3010
15317 3083
15317 3358
15317 3416
15347 89
15347 293
15347 982
15347 1043
15347 1330
15347 1491
15347 2937
15937 129
15937 710
15937 889
15937 1053
15937 1287
15937 1297
15937 1564
15937 1682
15937 2248
15937 2813
15937 3148
15937 3150
15937 3151
15937 3154
15937 3185
15937 3486
15986 129
15986 921
15986 1538
15986 2291
15986 3079
15986 3150
16094 2686
16094 2813
16094 2831
16094 2859
16094 3058
16094 3382
16308 160
16308 457
16308 595
16308 1726
16308 1978
16308 1985
16308 2004
16308 2437
16308 2545
16694 239
16694 258
16694 354
16694 981
16694 1053
16694 1287
16694 1873
16694 1993
16694 2331
16694 2705
16694 2736
16694 2831
16694 3150
16752 215
16752 833
16752 1395
16752 1842
16752 2138
16752 3056
16752 3344
16752 3410
16936 258
16936 1086
16936 1221
16936 1300
16936 1412
16936 1981
16936 2457
16936 2548
16936 2805
16936 3219
17103 285
17103 526
17103 651
17103 826
17103 947
17103 1074
17103 1596
17103 1767
17103 2076
17103 2296
17103 3048
17103 3433
17103 3437
17103 3444
17103 3469
17103 3525
17153 298
17153 779
17153 839
17153 1500
17153 1685
17153 1859
17153 1979
17153 2938
17153 2985
17153 3054
17153 3078
17153 3079
17153 3310
17166 307
17166 872
17166 1139
17166 1466
17166 1538
17166 1672
17166 1690
17166 2752
17166 2805
17166 2879
17167 308
17167 1262
17167 1467
17167 2086
17167 2090
17167 2813
17167 2830
17167 3038
17167 3068
17167 3146
17167 3384
17167 3402
17167 3551
17214 629
17214 725
17214 819
17214 1062
17214 1825
17214 1921
17214 1972
17214 2324
17214 2650
17214 2780
17214 2937
17214 3402
17529 368
17529 557
17529 797
17529 839
17529 1262
17529 2008
17529 2194
17529 2323
17529 2573
17529 2813
17529 2830
17529 2936
17529 3296
17669 431
17669 499
17669 623
17669 688
17669 1409
17669 1500
17669 1586
17669 1682
17669 2078
17669 2372
17669 2502
17669 3219
17669 3369
17669 3541
17711 461
17711 1388
17711 1589
17711 1946
17711 1988
17711 2018
17711 2731
17711 2778
17711 3089
17711 3093
17711 3625
17719 475
17719 572
17719 1339
17719 1445
17719 1707
17719 1846
17719 1866
17719 2415
17719 2813
17719 2957
17719 3303
17722 475
17722 937
17722 1344
17722 1735
17722 1837
17722 2463
17722 2624
17722 2685
17722 2760
17722 2983
17722 2985
17722 3303
17741 557
17741 912
17741 1476
17741 1944
17741 2752
17741 2813
17741 2859
17741 3091
17741 3173
17741 3233
17741 3391
17779 508
17779 509
17779 767
17779 1351
17779 1441
17779 1537
17779 1676
17779 1758
17779 2444
17779 2813
17779 2836
17779 2936
17779 3553
17779 3634
17803 547
17803 927
17803 1138
17803 1278
17803 2194
17803 2463
17803 2635
17803 2677
17803 3058
17803 3150
17803 3341
17803 3382
17803 3430
18033 787
18033 835
18033 1006
18033 1220
18033 1621
18033 2190
18033 2298
18033 2506
18033 2985
18097 794
18097 1066
18097 1257
18097 1300
18097 1426
18097 1466
18097 1538
18097 1672
18097 1689
18097 1972
18097 2405
18097 2548
18097 2678
18097 2752
18097 2768
18097 2785
18097 2805
18097 3219
18103 794
18103 1300
18103 1409
18103 1412
18103 1538
18103 2752
18103 2805
18103 3219
18442 794
18442 1066
18442 1689
18442 2324
18442 2359
18442 2360
18442 2678
18442 2752
18442 2768
18442 3146
18442 3219
18442 3222
18442 3292
18442 3502
18442 3551
18442 3557
18474 1062
18474 1500
18474 1791
18474 2003
18474 2254
18474 2802
18474 3191
18474 3302
18474 3546
18733 794
18733 1265
18733 1409
18733 1538
18733 1556
18733 1689
18733 2405
18733 2752
18733 2768
18733 2785
18733 3219
18733 3292
18733 3497
18733 3502
18733 3507
18733 3550
18799 794
18799 1300
18799 1689
18799 1972
18799 2030
18799 2678
18799 2735
18799 2752
18799 2866
18799 3219
18799 3399
18799 3507
18799 3557
18817 794
18817 1062
18817 1409
18817 1494
18817 1538
18817 1639
18817 1655
18817 2405
18817 2752
18817 2805
18817 3219
18843 794
18843 1062
18843 1300
18843 2650
18843 2752
18843 2805
18843 2813
18843 2859
18843 3219
18843 3233
18843 3296
18843 3382
18957 794
18957 1066
18957 1538
18957 1640
18957 2753
18957 3375
18957 3382
18957 3506
19001 819
19001 1523
19001 2057
19001 2078
19001 2768
19001 2829
19001 2862
19001 3068
19001 3104
19001 3147
19001 3185
19001 3298
19001 3302
19001 3511
19001 3557
19017 819
19017 1113
19017 1226
19017 2403
19017 2876
19017 3259
19017 3292
19017 3298
19017 3408
19017 3624
19033 819
19033 1300
19033 1790
19033 1796
19033 1918
19033 2077
19033 2210
19033 2430
19033 2548
19033 2757
19033 2840
19033 2861
19033 2950
19033 3200
19035 819
19035 1409
19035 1791
19035 2003
19035 2057
19035 2409
19035 2840
19035 2862
19035 2928
19035 3068
19035 3185
19035 3402
19043 819
19043 1076
19043 1113
19043 1409
19043 1523
19043 1538
19043 1682
19043 1791
19043 2030
19043 2650
19043 3185
19043 3302
19043 3311
19043 3402
19053 819
19053 1062
19053 1538
19053 1682
19053 2372
19053 2752
19053 2831
19053 2865
19053 3054
19053 3068
19053 3107
19053 3302
19058 1062
19058 1066
19058 1972
19058 2030
19058 2324
19058 2548
19058 2650
19058 3146
19058 3402
19059 819
19059 1062
19059 1689
19059 1972
19059 2030
19059 2324
19059 2548
19059 2650
19059 3068
19059 3402
19062 819
19062 1538
19062 1791
19062 2403
19062 3068
19062 3185
19062 3302
19062 3497
19062 3557
19067 819
19067 1062
19067 2030
19067 2324
19067 2548
19067 2650
19067 2813
19067 3068
19067 3402
19081 1505
19081 1715
19081 1825
19081 1832
19081 2372
19081 2859
19081 3078
19081 3150
19081 3382
19098 1060
19098 2813
19098 2831
19098 2859
19098 2865
19098 3296
19098 3382
19098 3391
19126 1062
19126 1426
19126 1511
19126 1538
19126 2735
19126 3068
19126 3375
19126 3402
19126 3457
19126 3511
19126 3541
19126 3550
19129 1062
19129 1426
19129 1511
19129 1538
19129 1689
19129 2752
19129 2805
19129 2829
19129 2840
19129 3068
19129 3384
19129 3402
19129 3546
19137 1062
19137 1113
19137 1226
19137 1263
19137 1409
19137 1457
19137 1607
19137 1684
19137 1685
19137 2533
19137 2821
19137 3147
19137 3297
19137 3505
19143 1062
19143 1406
19143 1412
19143 2067
19143 2358
19143 2359
19143 2360
19143 2678
19143 2735
19143 2832
19143 2859
19143 2916
19143 3382
19143 3383
19143 3384
19143 3504
19143 3624
19151 1062
19151 1265
19151 1426
19151 1538
19151 2405
19151 2548
19151 2752
19151 2805
19151 3219
19156 1062
19156 1538
19156 1682
19156 2755
19156 2829
19156 2862
19156 3068
19156 3104
19156 3185
19156 3310
19156 3402
19156 3506
19157 1062
19157 1409
19157 1511
19157 1682
19157 2003
19157 2250
19157 2502
19157 2567
19157 2755
19157 2784
19157 2916
19157 3149
19157 3376
19157 3506
19159 1062
19159 1684
19159 1796
19159 1876
19159 2003
19159 2785
19159 2840
19159 3297
19159 3499
19164 1257
19164 1457
19164 1458
19164 2011
19164 2344
19164 2832
19164 3197
19164 3382
19164 3457
19164 3504
19164 3551
19164 3624
19166 1066
19166 1264
19166 1300
19166 1689
19166 2324
19166 2405
19166 2650
19166 2768
19166 2785
19166 3292
19166 3297
19166 3502
19166 3507
19168 1066
19168 1300
19168 1689
19168 2324
19168 2548
19168 2650
19168 2752
19168 2866
19168 3507
19170 1066
19170 1500
19170 1689
19170 2403
19170 3104
19170 3310
19170 3457
19170 3497
19170 3541
19170 3546
19175 1066
19175 2805
19175 3068
19175 3185
19175 3197
19175 3222
19175 3302
19175 3310
19175 3457
19175 3458
19175 3507
19180 1066
19180 1264
19180 1265
19180 1300
19180 1426
19180 1538
19180 1672
19180 2405
19180 2752
19180 2785
19180 2805
19180 3219
19180 3497
19193 1264
19193 2405
19193 2768
19193 2785
19193 3146
19193 3219
19193 3292
19193 3297
19193 3382
19193 3505
19212 1113
19212 1265
19212 1538
19212 2078
19212 2358
19212 2784
19212 3376
19212 3445
19218 1201
19218 1265
19218 1305
19218 1409
19218 1426
19218 1497
19218 1633
19218 1640
19218 1685
19218 2030
19218 2829
19218 3193
19218 3311
19227 1466
19227 1556
19227 1853
19227 2030
19227 2405
19227 2555
19227 3505
19230 1257
19230 1556
19230 1640
19230 1689
19230 2009
19230 2030
19230 3037
19230 3038
19230 3219
19230 3447
19230 3497
19230 3557
19237 1257
19237 1406
19237 1457
19237 1458
19237 1689
19237 2067
19237 2250
19237 2344
19237 2832
19237 3183
19237 3458
19237 3504
19237 3551
19237 3624
19259 1262
19259 2372
19259 2686
19259 2813
19259 2830
19259 2831
19259 2859
19259 2937
19259 3233
19259 3296
19259 3382
19259 3391
19261 1262
19261 2372
19261 2686
19261 2753
19261 2813
19261 2859
19261 3296
19262 1262
19262 2372
19262 2686
19262 2830
19262 3233
19262 3296
19262 3382
19262 3391
19269 1262
19269 1538
19269 2372
19269 2381
19269 2813
19269 2830
19269 2831
19269 3107
19269 3197
19269 3233
19269 3259
19269 3292
19269 3297
19269 3376
19279 1264
19279 1556
19279 2295
19279 2502
19279 3259
19279 3505
19281 1264
19281 1265
19281 1406
19281 1538
19281 1672
19281 1972
19281 2009
19281 2359
19281 2752
19281 2805
19281 3219
19281 3383
19281 3399
19282 1265
19282 1538
19282 1672
19282 2650
19282 2678
19282 2752
19282 2755
19282 2805
19282 2831
19282 2865
19282 3219
19282 3383
19292 1300
19292 1412
19292 1556
19292 1672
19292 1918
19292 2548
19292 2752
19292 2785
19292 3219
19292 3497
19297 1406
19297 1689
19297 2360
19297 3107
19297 3146
19297 3259
19297 3382
19297 3399
19297 3458
19297 3507
19297 3551
19297 3554
19298 1406
19298 1689
19298 2067
19298 2360
19298 2752
19298 3107
19298 3259
19298 3399
19298 3458
19298 3507
19298 3551
19298 3554
19300 1406
19300 1458
19300 1606
19300 1689
19300 2030
19300 2359
19300 2362
19300 2650
19300 2752
19300 2831
19300 2859
19300 3038
19300 3219
19300 3259
19300 3292
19300 3297
19300 3302
19300 3381
19301 1406
19301 1458
19301 1640
19301 2254
19301 2360
19301 2412
19301 2752
19301 3038
19301 3259
19301 3292
19301 3302
19301 3381
19301 3557
19305 1406
19305 1689
19305 2003
19305 2650
19305 2755
19305 2784
19305 2916
19305 3068
19305 3376
19305 3383
19305 3445
19305 3557
19311 1409
19311 1426
19311 1538
19311 1685
19311 1972
19311 2009
19311 2250
19311 2751
19311 2768
19311 3219
19311 3497
19311 3502
19311 3507
19312 1409
19312 1850
19312 2362
19312 3068
19312 3146
19312 3292
19312 3297
19312 3402
19312 3485
19312 3505
19319 1426
19319 1689
19319 1791
19319 1984
19319 2403
19319 2650
19319 2829
19319 3302
19319 3497
19319 3506
19336 1689
19336 2067
19336 2362
19336 2739
19336 2768
19336 2863
19336 3146
19336 3219
19336 3408
19336 3458
19379 2372
19379 2686
19379 2831
19379 3296
19390 2372
19390 2686
19390 2813
19390 2831
19390 2865
19390 3296
19390 3382
19390 3391
19391 2686
19391 2813
19391 2831
19391 2859
19391 2865
19391 3233
19391 3391
19431 2372
19431 2686
19431 2753
19431 2831
19431 2859
19431 3233
19431 3296
19431 3391
19458 2372
19458 2753
19458 2813
19458 2831
19458 3058
19458 3233
19458 3296
