19135 3625
19135 3385
19135 3299
19135 3446
19135 1077
19135 3384
19135 2740
19135 2361
19135 2460
19135 2031
19135 3184
19135 3069
19135 3448
19135 2363
19135 1063
19135 1459
19135 3039
19135 1854
19135 1410
19135 3551
19135 3311
19135 2068
19135 3186
19135 1973
19135 1919
19135 2736
19135 2769
19135 3055
19135 2909
19135 1407
19135 1498
19135 1539
19135 3148
19135 2340
19135 3458
19135 3553
19135 2566
19135 3382
19135 2917
19135 2012
19135 1258
19135 1557
19135 1641
19135 3220
11083 2325
11083 1973
11083 2679
11083 2844
11083 3605
11083 32
11083 1263
11083 2365
11083 1241
11083 3452
11083 2773
11083 2736
11083 431
11083 3249
11083 1557
11083 3293
11083 1673
11083 2516
11083 3614
11083 3039
11083 3606
11083 1301
11083 2010
11083 2817
11083 2865
11083 3038
11083 3448
11083 2769
11083 3033
11083 2551
11083 3382
11083 1690
11083 3498
11083 2360
11083 2012
11083 3080
11083 3220
11083 2636
11083 3616
11083 3008
11083 3610
11083 1410
11083 2845
11083 1297
11083 3594
11083 1091
11083 3566
11083 2784
11083 3558
17861 2612
17861 2806
17861 1266
17861 2534
17861 2464
17861 2549
17861 3448
17861 1359
17861 895
17861 1980
17861 2929
17861 2984
17861 1063
17861 1622
17861 1832
17861 1264
17861 932
17861 1683
17861 2951
17861 1854
17861 2058
17861 3259
17861 1294
17861 2406
17861 2686
17861 2414
17861 620
17861 3312
17861 3079
17861 2211
17861 3304
17861 1417
17861 3257
17861 2203
17861 2568
17861 2894
17861 820
17861 3498
17861 1524
17861 2295
17861 804
17861 3194
17861 2753
17861 2365
17861 2683
17861 2986
17861 1686
17861 2752
17861 2822
19141 3508
19141 3384
19141 1539
19141 1973
19141 3383
19141 1686
19141 2058
19141 3220
19141 2406
19141 3382
19141 2251
19141 2460
19141 3552
19141 2568
19141 3498
19141 2916
19141 2769
19141 2010
19141 3458
19141 1063
19141 3148
19141 2830
19141 1427
19141 2752
19141 3403
19141 1264
19141 3147
19141 2651
19141 2736
19141 2829
19141 1690
19141 3503
19141 3069
19141 1557
19141 1410
19141 3448
19141 3184
19141 2363
19141 2068
19141 3553
19141 2323
19141 3385
19141 3625
19141 1641
19141 3376
17386 1973
17386 2860
17386 2781
17386 1297
17386 2031
17386 2737
17386 1544
17386 1742
17386 1091
17386 1459
17386 675
17386 630
17386 2867
17386 1922
17386 1690
17386 2941
17386 1559
17386 343
17386 2373
17386 2636
17386 1407
17386 2938
17386 2814
17386 3508
17386 2865
17386 2832
17386 2939
17386 1664
17386 3220
17386 1607
17386 795
17386 2651
17386 1067
17386 1943
17386 726
17386 1819
17386 1403
17386 2971
17386 2736
17386 3400
9128 2768
9128 3149
9128 3249
9128 1054
9128 2207
9128 3033
9128 814
9128 3580
9128 2365
9128 3399
9128 1403
9128 2844
9128 840
9128 2737
9128 3151
9128 2687
9128 1288
9128 1618
9128 32
9128 2143
9128 1338
9128 172
9128 2326
9128 2483
9128 1091
9128 1850
9128 2986
9128 1298
9128 50
9128 2706
9128 1007
9128 1554
9128 760
9128 3146
9128 2649
9128 2616
9128 3155
9128 2001
9128 1134
9128 2246
9128 3190
9128 1252
9128 2834
17588 2769
17588 401
17588 1871
17588 3503
17588 3148
17588 493
17588 2877
17588 3298
17588 1227
17588 1641
17588 1243
17588 1690
17588 3069
17588 1683
17588 2211
17588 1427
17588 3506
17588 1791
17588 3383
17588 2939
17588 1876
17588 3508
17588 3359
17588 3186
17588 2866
17588 2503
17588 1686
17588 3293
17588 2841
17588 1985
17588 3303
17588 1067
17588 2255
17588 1877
17588 3377
17588 1265
17588 2727
17588 3220
17588 3403
17588 1258
17588 3042
17588 3147
17588 2786
17588 2406
19125 2860
19125 2406
19125 3458
19125 3555
19125 3184
19125 2736
19125 2917
19125 2251
19125 1943
19125 3505
19125 2785
19125 2951
19125 2031
19125 2363
19125 2068
19125 2373
19125 3553
19125 3198
19125 3055
19125 3552
19125 2345
19125 2058
19125 2361
19125 1063
19125 3039
19125 2833
19125 3625
19125 1459
19125 1467
19125 3148
19125 2360
19125 3385
19125 1458
19125 2359
19125 2460
19125 3551
19125 2012
19125 3384
19125 3260
19125 1690
19125 3383
19125 1407
19125 2756
19125 1258
19125 3382
10604 2483
10604 3077
10604 760
10604 3033
10604 1618
10604 3280
10604 3383
10604 1565
10604 2865
10604 2832
10604 2373
10604 3103
10604 3190
10604 2143
10604 1054
10604 1091
10604 2817
10604 85
10604 969
10604 32
10604 2507
10604 3580
10604 2814
10604 2001
10604 1241
10604 2773
10604 2860
10604 2844
10604 2323
10604 1850
10604 1288
10604 2551
10604 2870
10604 2279
10604 1297
10604 431
10604 1252
10604 2986
10604 3249
10604 2636
10604 2706
10604 3196
10604 788
10604 3452
10604 2616
10604 2326
10604 1007
10604 3008
10604 2087
15730 3009
15730 526
15730 2373
15730 1516
15730 2973
15730 2029
15730 725
15730 1831
15730 3517
15730 2957
15730 2709
15730 2104
15730 1836
15730 3435
15730 2344
15730 3359
15730 2057
15730 3258
15730 1903
15730 2186
15730 2252
15730 1916
15730 3259
15730 1317
15730 3092
15730 3491
15730 871
15730 2367
15730 2589
15730 2620
15730 752
15730 744
15730 341
15730 217
15730 124
15730 734
15730 736
15730 209
15730 3621
15730 2662
15730 449
15730 2993
15730 1891
15730 1294
15730 2521
15730 587
15730 180
15730 1691
18616 2917
18616 1950
18616 2363
18616 3400
18616 3555
18616 2251
18616 1067
18616 3505
18616 3184
18616 1498
18616 3459
18616 3409
18616 1266
18616 3293
18616 3382
18616 3506
18616 795
18616 2369
18616 2830
18616 3553
18616 2079
18616 3302
18616 3403
18616 1500
18616 1690
18616 2568
18616 1202
18616 3260
18616 3508
18616 2359
18616 3311
18616 2255
18616 2503
18616 3625
18616 1114
18616 1854
18616 3552
18616 2864
18616 3039
18616 2361
18616 2404
18616 3216
18616 2939
18616 3298
18616 1306
18616 2068
18616 3198
18616 3446
19197 3558
19197 2363
19197 3503
19197 3409
19197 2556
19197 1258
19197 1266
19197 2460
19197 2833
19197 1072
19197 2361
19197 3184
19197 1980
19197 2679
19197 1410
19197 1265
19197 1467
19197 1512
19197 3385
19197 3298
19197 3377
19197 3260
19197 3633
19197 2785
19197 2359
19197 2917
19197 3508
19197 3384
19197 1114
19197 2404
19197 3147
19197 3055
19197 3506
19197 3382
19197 2877
19197 2369
19197 2951
19197 1950
19197 3505
19197 1851
19197 3293
9759 2373
9759 2901
9759 1054
9759 32
9759 1263
9759 1511
9759 2365
9759 3452
9759 2900
9759 3180
9759 1297
9759 85
9759 2636
9759 1347
9759 760
9759 177
9759 2087
9759 1288
9759 3151
9759 1718
9759 2001
9759 2334
9759 2706
9759 2986
9759 3234
9759 1367
9759 1332
9759 1736
9759 2865
9759 2846
9759 1134
9759 1565
9759 675
9759 2814
9759 2616
9759 1144
9759 814
9759 2832
9759 2323
9759 2742
9759 3410
9759 164
19208 3552
19208 1673
19208 1410
19208 1690
19208 1202
19208 3055
19208 1427
19208 2068
19208 3446
19208 1683
19208 2916
19208 3108
19208 1114
19208 2091
19208 1459
19208 2413
19208 3505
19208 2736
19208 1641
19208 1792
19208 2251
19208 2786
19208 3506
19208 1413
19208 3459
19208 3507
19208 1686
19208 1264
19208 2830
19208 3186
19208 1950
19208 2031
19208 1539
19208 3403
19208 1861
19208 3069
19208 3148
19208 3303
19208 1266
19208 1851
19208 2651
19208 2740
19208 3312
19208 3311
17519 2939
17519 3403
17519 361
17519 1258
17519 2909
17519 2785
17519 2822
17519 2863
17519 1020
17519 2211
17519 2413
17519 820
17519 3383
17519 2679
17519 1114
17519 3234
17519 1683
17519 2951
17519 3382
17519 868
17519 2460
17519 2864
17519 2253
17519 2406
17519 1839
17519 1030
17519 2756
17519 2323
17519 3385
17519 3422
17519 2471
17519 1954
17519 3298
17519 3069
17519 1227
17519 3293
17519 3384
17519 461
17519 3055
17519 2341
17519 1234
10248 1297
10248 3342
10248 2737
10248 1091
10248 1298
10248 3507
10248 3220
10248 2986
10248 32
10248 1539
10248 3146
10248 3080
10248 3508
10248 3155
10248 1241
10248 2549
10248 1622
10248 2987
10248 1265
10248 2817
10248 2806
10248 50
10248 2865
10248 1565
10248 1301
10248 1067
10248 2768
10248 1673
10248 943
10248 2636
10248 3033
10248 3149
10248 1410
10248 1054
10248 2753
10248 1427
10248 2844
10248 840
10248 1252
10248 574
10248 1288
10248 1090
10248 3249
10248 2984
10248 2786
12696 209
12696 3207
12696 2190
12696 3388
12696 2439
12696 1276
12696 1253
12696 3187
12696 2162
12696 3234
12696 3195
12696 3077
12696 58
12696 1089
12696 2621
12696 1332
12696 3452
12696 618
12696 2185
12696 725
12696 135
12696 2024
12696 1263
12696 2458
12696 2831
12696 2367
12696 3165
12696 82
12696 2513
12696 3253
12696 2989
12696 240
12696 46
12696 2104
12696 3399
12696 1079
12696 3168
12696 2671
12696 83
12696 1149
12696 2064
12696 3159
12696 3167
12696 2903
8637 2822
8637 1854
8637 3069
8637 2211
8637 3377
8637 1376
8637 2929
8637 1524
8637 820
8637 1539
8637 3498
8637 1266
8637 2753
8637 2951
8637 1686
8637 1950
8637 3299
8637 2406
8637 1265
8637 3555
8637 2752
8637 264
8637 1437
8637 1264
8637 1792
8637 1222
8637 2651
8637 2916
8637 31
8637 1882
8637 2296
8637 3288
8637 1683
8637 3403
8637 2253
8637 3312
8637 1063
8637 2806
8637 1673
8637 2004
8637 2830
4323 1994
4323 2986
4323 215
4323 29
4323 3118
4323 3151
4323 1298
4323 840
4323 1129
4323 711
4323 3555
4323 1352
4323 1851
4323 2686
4323 1301
4323 1091
4323 3487
4323 1347
4323 2834
4323 3069
4323 1826
4323 15
4323 2503
4323 2651
4323 1022
4323 890
4323 130
4323 3155
4323 2737
4323 3324
4323 3594
4323 2365
4323 1054
4323 3403
4323 760
4323 2249
4323 2971
4323 3186
4323 1550
4323 1227
4323 3302
4323 3149
4323 2846
4323 18
4323 2808
4323 2830
4323 1288
4323 3528
16412 1988
16412 299
16412 2151
16412 1501
16412 1539
16412 2769
16412 2864
16412 3448
16412 2886
16412 709
16412 3108
16412 1417
16412 2058
16412 1673
16412 681
16412 177
16412 2833
16412 1458
16412 1557
16412 1854
16412 3311
16412 3303
16412 3069
16412 3394
16412 1258
16412 434
16412 2695
16412 789
16412 3498
16412 1406
16412 2109
16412 2806
16412 3481
16412 2791
16412 790
16412 1792
16412 2325
16412 498
16412 1973
16412 791
16412 846
16412 3554
16412 1524
16412 2830
16412 298
10068 50
10068 2344
10068 1565
10068 1347
10068 1332
10068 2865
10068 90
10068 3487
10068 3146
10068 1054
10068 2649
10068 2207
10068 130
10068 2001
10068 3077
10068 1287
10068 2323
10068 1241
10068 2844
10068 1622
10068 3155
10068 938
10068 760
10068 2984
10068 1288
10068 3249
10068 2636
10068 3482
10068 2706
10068 2737
10068 2768
10068 3149
10068 2900
10068 1297
10068 32
10068 2551
10068 2326
10068 2986
10068 2365
10068 1252
10068 1298
10068 840
10068 2987
10068 848
10068 2087
10068 3151
10068 1090
10068 2817
10068 2616
19177 2010
19177 2325
19177 1258
19177 1227
19177 3249
19177 2860
19177 2503
19177 1792
19177 1265
19177 3147
19177 1690
19177 2803
19177 2031
19177 2679
19177 1410
19177 3503
19177 2253
19177 2361
19177 1301
19177 3293
19177 2740
19177 2686
19177 3377
19177 3555
19177 3486
19177 2406
19177 1641
19177 2785
19177 3508
19177 1067
19177 3298
19177 2753
19177 3383
19177 2296
19177 3220
19177 2404
19177 2877
19177 1685
19177 3080
19177 3552
19177 2636
19177 3498
7737 2519
7737 2010
7737 2865
7737 283
7737 1539
7737 3403
7737 1943
7737 3147
7737 2864
7737 3105
7737 2830
7737 1067
7737 1521
7737 3220
7737 3069
7737 2549
7737 3186
7737 2031
7737 3293
7737 2325
7737 1973
7737 3507
7737 2877
7737 2737
7737 1114
7737 1683
7737 3547
7737 2909
7737 2769
7737 1608
7737 1410
7737 3299
7737 1063
7737 3150
7737 2867
7737 2785
7737 2012
7737 1690
7737 1459
7737 1607
7737 29
7737 820
7737 2651
9183 2625
9183 1690
9183 3580
9183 1367
9183 1095
9183 244
9183 2558
9183 2612
9183 3443
9183 1024
9183 1622
9183 2087
9183 1288
9183 3442
9183 911
9183 1718
9183 45
9183 673
9183 1097
9183 3022
9183 1539
9183 440
9183 1640
9183 2753
9183 393
9183 2388
9183 3413
9183 2986
9183 3203
9183 1456
9183 1006
9183 2406
9183 3431
9183 2507
9183 2344
9183 3066
9183 1618
9183 464
9183 1831
9183 763
9183 1287
9183 2494
9183 3107
9183 226
9183 32
15021 3385
15021 2362
15021 2323
15021 3280
15021 3551
15021 1427
15021 3303
15021 3148
15021 1202
15021 3105
15021 1641
15021 2361
15021 2951
15021 2769
15021 3558
15021 3403
15021 3186
15021 3147
15021 1054
15021 2841
15021 2740
15021 1417
15021 3069
15021 1498
15021 2211
15021 385
15021 2568
15021 3555
15021 3400
15021 2532
15021 3547
15021 3299
15021 3446
15021 1264
15021 1306
15021 2830
15021 85
15021 795
15021 1313
15021 2031
15021 2414
15021 531
15021 2363
15021 2736
15021 2068
15021 3552
18570 2753
18570 3147
18570 2325
18570 3486
18570 2503
18570 3400
18570 1467
18570 1265
18570 2806
18570 2651
18570 2736
18570 1301
18570 3223
18570 3293
18570 3220
18570 2756
18570 3503
18570 3508
18570 1673
18570 2031
18570 3298
18570 2406
18570 2360
18570 1539
18570 2864
18570 2568
18570 3506
18570 2010
18570 795
18570 1067
18570 3552
18570 1266
18570 2679
18570 1641
18570 3507
18570 1980
18570 1407
18570 2752
18570 1973
18570 1427
18570 3558
18570 3512
18570 1690
15596 367
15596 3258
15596 2860
15596 1802
15596 468
15596 732
15596 3259
15596 1741
15596 1836
15596 176
15596 1005
15596 2747
15596 3228
15596 206
15596 2240
15596 734
15596 2801
15596 3290
15596 3517
15596 1355
15596 207
15596 2150
15596 735
15596 1822
15596 2373
15596 2283
15596 3325
15596 699
15596 868
15596 1217
15596 192
15596 2832
15596 126
15596 118
15596 700
15596 2301
15596 2470
15596 1218
15596 156
15596 2866
15596 449
15596 3496
15596 1903
15596 1516
16728 2360
16728 2253
16728 3403
16728 2079
16728 2361
16728 863
16728 3551
16728 2460
16728 2229
16728 3055
16728 2568
16728 2503
16728 3148
16728 1792
16728 1114
16728 2917
16728 3223
16728 1791
16728 1306
16728 215
16728 2736
16728 3448
16728 1134
16728 3547
16728 3192
16728 2342
16728 2001
16728 1498
16728 3558
16728 283
16728 2087
16728 820
16728 2359
16728 2334
16728 2929
16728 2863
16728 1202
16728 1410
16728 2706
16728 1854
17710 2549
17710 2068
17710 3448
17710 1004
17710 2406
17710 2031
17710 1410
17710 3293
17710 1709
17710 1020
17710 461
17710 1954
17710 3422
17710 2951
17710 2058
17710 1458
17710 3555
17710 1202
17710 820
17710 2296
17710 1467
17710 1498
17710 1234
17710 1673
17710 2363
17710 1258
17710 868
17710 1235
17710 3099
17710 2841
17710 2806
17710 2263
17710 1985
17710 3220
17710 1306
17710 3147
17710 2831
17710 2361
17710 1264
17710 3311
17710 3459
17710 2211
17710 1634
17710 3498
17710 1312
17710 3506
16637 2253
16637 2068
16637 3400
16637 3486
16637 1379
16637 2058
16637 1943
16637 3625
16637 1415
16637 2867
16637 2363
16637 2742
16637 2012
16637 3555
16637 2004
16637 3298
16637 2679
16637 3260
16637 3198
16637 3459
16637 2753
16637 2460
16637 3508
16637 3384
16637 2361
16637 2909
16637 2406
16637 2752
16637 2785
16637 1407
16637 3383
16637 1258
16637 3551
16637 3552
16637 3311
16637 3039
16637 1690
16637 2503
16637 1063
16637 2296
16637 209
16637 3108
16637 1459
16637 2031
19093 3498
19093 2516
19093 1063
19093 1427
19093 1410
19093 3108
19093 3298
19093 1376
19093 3380
19093 2004
19093 1417
19093 1022
19093 3148
19093 2373
19093 2803
19093 2414
19093 2323
19093 2786
19093 2951
19093 1407
19093 2339
19093 3312
19093 1266
19093 3311
19093 1985
19093 2255
19093 2404
19093 2503
19093 2834
19093 1067
19093 3377
19093 1265
19093 1686
19093 1413
19093 2295
19093 2841
19093 3260
19093 1512
19093 1255
19093 2369
19093 2832
19093 3383
19093 1114
19093 2211
19093 2814
19093 2864
19046 1851
19046 3194
19046 2863
19046 1415
19046 2785
19046 2359
19046 2413
19046 3486
19046 3302
19046 3201
19046 3108
19046 1067
19046 3311
19046 1243
19046 2503
19046 3448
19046 1266
19046 3055
19046 3409
19046 3293
19046 1258
19046 3184
19046 1427
19046 2867
19046 2369
19046 2253
19046 1264
19046 2363
19046 3508
19046 3260
19046 3298
19046 2833
19046 2864
19046 1265
19046 2740
19046 2406
19046 3506
19046 2361
19046 3498
19046 3382
19046 2752
19046 1686
19046 1500
19046 820
19046 2753
19046 1501
19046 3512
19046 2404
19046 2342
19209 3385
19209 1673
19209 3311
19209 2939
19209 3293
19209 3376
19209 2568
19209 3459
19209 3384
19209 2806
19209 3055
19209 2460
19209 2361
19209 3558
19209 3507
19209 1266
19209 2360
19209 2369
19209 3506
19209 2756
19209 3382
19209 2359
19209 1950
19209 3505
19209 2803
19209 3555
19209 2679
19209 3150
19209 2068
19209 3298
19209 3198
19209 1446
19209 3446
19209 1683
19209 1792
19209 1114
19209 3553
19209 2752
19209 2785
19209 1690
19209 3041
19209 2363
19209 3147
19209 3552
19209 3377
19148 3039
19148 2651
19148 2012
19148 1607
19148 1072
19148 1243
19148 2004
19148 1407
19148 1227
19148 2503
19148 2255
19148 3055
19148 1943
19148 3186
19148 1415
19148 2342
19148 2404
19148 2460
19148 3458
19148 1067
19148 3303
19148 2841
19148 2413
19148 2864
19148 2031
19148 2406
19148 1854
19148 2251
19148 3384
19148 2803
19148 1410
19148 3508
19148 3547
19148 3260
19148 2756
19148 2345
19148 1683
19148 3385
19148 1792
19148 3400
19148 2867
19148 1980
19148 1459
19148 3448
19148 1871
19148 1685
19148 1063
18906 2679
18906 2345
18906 3446
18906 3298
18906 3409
18906 3508
18906 2784
18906 2460
18906 3384
18906 3223
18906 3293
18906 795
18906 2251
18906 3385
18906 1067
18906 2413
18906 3552
18906 3382
18906 1980
18906 3506
18906 1072
18906 1266
18906 2736
18906 3055
18906 1871
18906 1607
18906 1407
18906 3558
18906 2503
18906 3039
18906 2651
18906 2325
18906 1410
18906 2756
18906 2867
18906 1690
18906 1459
18906 1265
18906 3147
18906 2406
18906 3551
18906 2031
18906 3400
18906 2360
10056 3152
10056 969
10056 2865
10056 209
10056 287
10056 2507
10056 85
10056 1297
10056 3487
10056 1367
10056 2967
10056 2928
10056 1506
10056 3410
10056 2323
10056 2594
10056 140
10056 2844
10056 32
10056 2394
10056 3077
10056 2612
10056 1618
10056 1252
10056 3249
10056 3280
10056 2984
10056 2821
10056 2783
10056 2900
10056 120
10056 461
10056 2520
10056 2551
10056 2326
10056 2994
10056 1091
10056 3180
10056 2986
10056 3422
10056 2832
10056 711
10056 2373
10056 1511
10056 3080
10056 1823
10056 1241
10056 2817
10056 2616
19232 3298
19232 3508
19232 3299
19232 1427
19232 2864
19232 2010
19232 3555
19232 2360
19232 2406
19232 3486
19232 1265
19232 1258
19232 3293
19232 3448
19232 2361
19232 3409
19232 1266
19232 3503
19232 2369
19232 1919
19232 2012
19232 3147
19232 3302
19232 2651
19232 2549
19232 3039
19232 1673
19232 2752
19232 3498
19232 1557
19232 3312
19232 2753
19232 3382
19232 3506
19232 1690
19232 1301
19232 2769
19232 2296
19232 2404
19232 3220
19232 1410
11084 2784
11084 3616
11084 2360
11084 3610
11084 3293
11084 3594
11084 2010
11084 3448
11084 2516
11084 2817
11084 1297
11084 2679
11084 2865
11084 2773
11084 2012
11084 1973
11084 32
11084 3566
11084 3605
11084 3038
11084 2844
11084 3558
11084 3249
11084 3614
11084 2325
11084 3606
11084 2736
11084 3039
11084 2845
11084 3452
11084 2365
11084 3382
11084 2551
11084 1301
11084 3498
11084 3220
11084 1557
11084 431
11084 2636
11084 1091
11084 1673
11084 3080
11084 3008
11084 1263
11084 1690
11084 2769
11084 3033
11084 1241
11084 1410
17828 3147
17828 2296
17828 2404
17828 1557
17828 2816
17828 2460
17828 3506
17828 1673
17828 1301
17828 2864
17828 3220
17828 574
17828 1690
17828 3498
17828 2360
17828 2406
17828 1410
17828 3508
17828 2361
17828 3298
17828 1427
17828 2010
17828 1265
17828 3486
17828 3299
17828 2369
17828 3555
17828 2549
17828 3293
17828 1266
17828 1288
17828 3409
17828 3448
17828 2651
17828 3039
17828 2938
17828 2012
17828 1258
17828 1919
17828 2752
17828 3503
17828 3155
17828 2769
17828 3302
17828 2753
15008 2279
15008 2806
15008 1673
15008 1634
15008 2551
15008 2326
15008 1301
15008 1565
15008 3220
15008 1410
15008 3398
15008 2404
15008 2753
15008 1054
15008 1511
15008 1791
15008 2909
15008 3198
15008 3508
15008 2863
15008 3299
15008 1985
15008 1683
15008 3625
15008 1063
15008 85
15008 760
15008 1134
15008 2010
15008 1204
15008 1266
15008 1297
15008 164
15008 2323
15008 2649
15008 3302
15008 2773
15008 1686
15008 2394
15008 3311
15008 1539
15008 2549
15008 1067
15008 1718
15008 1641
15008 2651
15008 3459
17096 3149
17096 2786
17096 1690
17096 3220
17096 3498
17096 3080
17096 2251
17096 2406
17096 1410
17096 1264
17096 3260
17096 1985
17096 1427
17096 3547
17096 2874
17096 1792
17096 2010
17096 1265
17096 2068
17096 3555
17096 732
17096 3223
17096 3563
17096 2549
17096 1762
17096 840
17096 3487
17096 3107
17096 748
17096 283
17096 2255
17096 453
17096 1539
17096 2769
17096 3147
17096 3302
17096 735
17096 2296
17096 1557
17096 3148
17096 3312
17096 3311
15254 2087
15254 3452
15254 1332
15254 177
15254 2941
15254 3394
15254 1403
15254 3103
15254 1554
15254 1640
15254 2365
15254 2279
15254 1288
15254 2551
15254 3628
15254 2834
15254 2791
15254 343
15254 1544
15254 1718
15254 2323
15254 3583
15254 1134
15254 3629
15254 630
15254 1406
15254 1649
15254 2781
15254 1367
15254 1719
15254 2910
15254 2948
15254 814
15254 1922
15254 85
15254 1709
15254 760
15254 2248
15254 2616
15254 3151
15254 1528
15254 2636
15254 1140
15254 2846
15254 726
15254 266
15254 1091
15254 1867
15254 1890
16839 1063
16839 2323
16839 820
16839 2404
16839 3512
16839 2784
16839 2753
16839 1683
16839 3298
16839 2679
16839 1263
16839 2047
16839 3150
16839 3293
16839 2786
16839 3409
16839 1413
16839 3069
16839 1265
16839 1067
16839 230
16839 3303
16839 1264
16839 3400
16839 3186
16839 3508
16839 3147
16839 1877
16839 3558
16839 3403
16839 2345
16839 2939
16839 1539
16839 2756
16839 2360
16839 2814
16839 3080
16839 2806
16839 2651
16839 795
16839 1266
16839 2049
16839 2503
16839 3312
16839 1301
16839 2460
16839 2402
3942 1512
3942 1858
3942 1416
3942 15
3942 3223
3942 1443
3942 3055
3942 1091
3942 1022
3942 276
3942 3185
3942 820
3942 2253
3942 29
3942 2323
3942 3069
3942 2568
3942 786
3942 1539
3942 3385
3942 2507
3942 1792
3942 2406
3942 2830
3942 2431
3942 1072
3942 280
3942 2326
3942 1506
3942 2986
3942 1973
3942 3542
3942 3507
3942 2862
3942 2844
3942 1823
3942 3186
3942 1410
3942 1877
3942 2814
3942 2651
3942 1427
3942 1458
3942 3403
3942 2806
3942 2211
18123 1980
18123 3403
18123 2359
18123 3069
18123 2929
18123 1067
18123 1243
18123 3542
18123 1950
18123 1851
18123 2651
18123 2830
18123 795
18123 3303
18123 3625
18123 2503
18123 3186
18123 2361
18123 2342
18123 1673
18123 3558
18123 1407
18123 2568
18123 3312
18123 2373
18123 1683
18123 2058
18123 2867
18123 3505
18123 2251
18123 1410
18123 2917
18123 820
18123 1524
18123 1854
18123 2803
18123 2877
18123 3400
18123 3383
18123 2736
18123 1072
18123 2031
18123 3448
18123 1792
18123 2406
11119 760
11119 359
11119 1054
11119 1297
11119 3487
11119 3594
11119 32
11119 1288
11119 1630
11119 840
11119 2844
11119 848
11119 2737
11119 1679
11119 2815
11119 2365
11119 2984
11119 3155
11119 2938
11119 3146
11119 2574
11119 2636
11119 1298
11119 3249
11119 215
11119 2817
11119 2768
11119 3149
11119 276
11119 1565
11119 1091
11119 1252
11119 2986
11119 400
11119 2816
11119 836
11119 890
11119 131
11119 2865
11119 3151
11119 814
11119 863
11119 2913
11119 1241
18450 3039
18450 2568
18450 1871
18450 2255
18450 795
18450 2651
18450 1607
18450 2549
18450 2359
18450 3382
18450 1980
18450 1072
18450 3507
18450 2756
18450 3400
18450 2736
18450 1973
18450 3446
18450 3293
18450 2031
18450 1792
18450 2679
18450 3298
18450 2325
18450 2251
18450 2413
18450 2867
18450 3552
18450 1641
18450 2360
18450 1407
18450 1704
18450 2460
18450 3148
18450 2361
18450 3508
18450 3384
18450 3223
18450 3558
18450 3055
18450 3385
9187 359
9187 1134
9187 1679
9187 32
9187 143
9187 2365
9187 2737
9187 1347
9187 1678
9187 848
9187 3383
9187 1091
9187 3149
9187 1718
9187 1780
9187 215
9187 840
9187 400
9187 1332
9187 1233
9187 276
9187 2001
9187 2846
9187 3151
9187 1372
9187 944
9187 2870
9187 2636
9187 3080
9187 2986
9187 890
9187 1367
9187 969
9187 3059
9187 2902
9187 130
9187 2816
9187 1288
9187 3155
9187 760
9187 3249
11568 2679
11568 2326
11568 1618
11568 3190
11568 1252
11568 1641
11568 3298
11568 3400
11568 1007
11568 32
11568 2483
11568 3293
11568 3039
11568 3382
11568 2651
11568 2031
11568 2740
11568 2360
11568 1850
11568 1511
11568 3220
11568 2255
11568 1241
11568 935
11568 2361
11568 3384
11568 3033
11568 2967
11568 3558
11568 1234
11568 1265
11568 2753
11568 2323
11568 2844
11568 2191
11568 1020
11568 3303
11568 1266
11568 1919
11568 1506
11568 2413
11568 3552
11568 1407
11568 461
11568 3422
11568 1954
15075 1506
15075 2967
15075 1020
15075 1134
15075 934
15075 120
15075 2323
15075 385
15075 1718
15075 207
15075 1565
15075 3422
15075 2260
15075 2268
15075 1969
15075 1091
15075 2866
15075 2928
15075 2471
15075 85
15075 1511
15075 1823
15075 2551
15075 2279
15075 2394
15075 868
15075 162
15075 1529
15075 3410
15075 2723
15075 2373
15075 1954
15075 1148
15075 2326
15075 1234
15075 1709
15075 1724
15075 1313
15075 461
15075 2754
15075 935
14777 1545
14777 957
14777 759
14777 1288
14777 3289
14777 3190
14777 1718
14777 2636
14777 2817
14777 229
14777 898
14777 1618
14777 443
14777 2279
14777 2551
14777 228
14777 2865
14777 3452
14777 1823
14777 3410
14777 2658
14777 1558
14777 2483
14777 2087
14777 2773
14777 1367
14777 2616
14777 2334
14777 1640
14777 2507
14777 3103
14777 2846
14777 969
14777 85
14777 1622
14777 1134
14777 3580
14777 2241
14777 2323
14777 3249
14777 1091
14777 1554
14777 140
14777 3033
14777 2901
14777 760
14777 1297
14777 1007
16362 320
16362 587
16362 1366
16362 2832
16362 997
16362 1551
16362 2527
16362 3375
16362 3259
16362 725
16362 3359
16362 293
16362 2957
16362 2722
16362 1483
16362 3496
16362 1471
16362 2393
16362 174
16362 1016
16362 1612
16362 744
16362 1527
16362 3634
16362 3085
16362 180
16362 259
16362 2866
16362 217
16362 2754
16362 1263
16362 3442
16362 2536
16362 911
16362 883
16362 3463
16362 1669
16362 3517
16362 1253
16362 2814
17343 1427
17343 1791
17343 343
17343 1683
17343 2939
17343 2737
17343 675
17343 1467
17343 1265
17343 1410
17343 2534
17343 2806
17343 1458
17343 2831
17343 1264
17343 2984
17343 2753
17343 3186
17343 2941
17343 3194
17343 2211
17343 1407
17343 1871
17343 2830
17343 1973
17343 2987
17343 2752
17343 630
17343 1266
17343 1544
17343 2986
17343 3312
17343 3498
17343 1258
17343 1539
17343 3220
17343 2369
17343 2406
17343 1686
17343 1524
17343 2951
17343 2781
17343 726
17343 3260
17343 3069
17343 1673
17343 1090
10315 848
10315 1091
10315 840
10315 229
10315 2373
10315 2125
10315 898
10315 2241
10315 2814
10315 1090
10315 1800
10315 574
10315 2637
10315 1241
10315 228
10315 957
10315 2768
10315 2636
10315 1298
10315 3249
10315 2866
10315 2365
10315 1554
10315 32
10315 1367
10315 1546
10315 2737
10315 943
10315 459
10315 2860
10315 760
10315 2773
10315 1664
10315 3234
10315 2913
10315 3146
10315 1344
10315 3289
10315 2817
10315 944
10315 1297
10315 1558
10315 443
10315 2551
10315 1550
10315 2832
10315 2865
10315 1347
17792 591
17792 1227
17792 1597
17792 1243
17792 3186
17792 1673
17792 1622
17792 3427
17792 1410
17792 1854
17792 3542
17792 2841
17792 3403
17792 1063
17792 3220
17792 1608
17792 2058
17792 527
17792 2297
17792 725
17792 3312
17792 3470
17792 545
17792 1072
17792 1980
17792 3438
17792 1279
17792 1792
17792 3298
17792 1907
17792 1768
17792 2877
17792 2986
17792 827
17792 2621
17792 3299
17792 928
17792 1751
17792 2987
17792 3448
17792 1075
17792 2830
17792 1975
17792 3069
17792 2756
17792 1539
17792 3507
17792 3434
17792 3383
8213 726
8213 1611
8213 1826
8213 3044
8213 81
8213 3151
8213 1544
8213 675
8213 3324
8213 2365
8213 906
8213 1559
8213 1931
8213 46
8213 840
8213 492
8213 29
8213 343
8213 3174
8213 1922
8213 913
8213 400
8213 276
8213 3107
8213 1921
8213 606
8213 2941
8213 3528
8213 3594
8213 2577
8213 1647
8213 630
8213 117
8213 1233
8213 1051
8213 1084
8213 1117
8213 1299
8213 215
8213 744
8213 2781
8213 2971
8213 1347
8213 999
8213 1388
19076 3038
19076 1641
19076 2345
19076 3553
19076 3039
19076 2784
19076 2651
19076 2031
19076 3108
19076 1512
19076 2058
19076 2785
19076 3555
19076 2406
19076 3299
19076 2909
19076 2769
19076 3382
19076 2951
19076 3448
19076 2068
19076 1943
19076 2679
19076 1258
19076 3458
19076 1077
19076 820
19076 1524
19076 1458
19076 3384
19076 2929
19076 3542
19076 2211
19076 3220
19076 2822
19076 1459
19076 3385
19076 1467
19076 2004
19076 1607
19076 1410
19076 2012
19076 3105
19076 3551
19076 1063
19076 2460
19076 3552
19076 2361
11790 3304
11790 1241
11790 1090
11790 2984
11790 3196
11790 1340
11790 2464
11790 50
11790 943
11790 840
11790 3259
11790 1252
11790 1091
11790 848
11790 2521
11790 1446
11790 1347
11790 2844
11790 2551
11790 32
11790 1344
11790 3146
11790 1708
11790 3249
11790 1298
11790 3418
11790 2625
11790 3502
11790 1622
11790 2773
11790 2616
11790 1288
11790 1337
11790 2865
11790 556
11790 1367
11790 1297
11790 2986
11790 944
11790 2817
11790 1847
11790 2870
11790 2022
11790 2768
11790 2636
11790 2987
11790 573
14949 2928
14949 969
14949 1718
14949 2912
14949 1512
14949 1511
14949 2024
14949 1288
14949 2031
14949 760
14949 90
14949 1459
14949 3196
14949 2900
14949 627
14949 1467
14949 2768
14949 3410
14949 1690
14949 2551
14949 1442
14949 130
14949 1565
14949 906
14949 1746
14949 1332
14949 2344
14949 814
14949 2001
14949 2616
14949 2649
14949 1918
14949 2995
14949 1134
14949 2087
14949 2706
14949 3151
14949 85
14949 3282
14949 1843
14949 3522
14949 2143
14949 1067
11523 3249
11523 2877
11523 2904
11523 2737
11523 575
11523 1497
11523 3155
11523 1241
11523 2365
11523 2551
11523 2845
11523 3410
11523 1054
11523 1297
11523 2844
11523 2511
11523 1552
11523 3452
11523 2901
11523 2087
11523 1471
11523 3149
11523 1269
11523 3517
11523 3482
11523 1288
11523 2865
11523 653
11523 32
11523 2900
11523 1338
11523 873
11523 997
11523 2706
11523 2768
11523 3516
11523 1446
11523 1477
11523 1252
11523 2636
11523 3298
11523 2817
11523 2616
11523 702
11523 1332
11523 840
11523 913
11523 3339
11523 3293
2607 1054
2607 3033
2607 2512
2607 289
2607 2595
2607 1007
2607 32
2607 2507
2607 2974
2607 3280
2607 2143
2607 2821
2607 2494
2607 1288
2607 192
2607 1618
2607 2299
2607 2687
2607 3059
2607 1133
2607 3315
2607 1000
2607 2301
2607 12
2607 3190
2607 2483
2607 929
2607 2263
2607 2152
2607 788
2607 3383
2607 432
2607 585
2607 1221
2607 3234
2607 1920
2607 1850
2607 3580
2607 2191
2607 625
12957 2323
12957 1506
12957 2625
12957 630
12957 1972
12957 2461
12957 2957
12957 2865
12957 2701
12957 3098
12957 1630
12957 1622
12957 2987
12957 2040
12957 2505
12957 2941
12957 1403
12957 2148
12957 2986
12957 3080
12957 2637
12957 3166
12957 1884
12957 2164
12957 1347
12957 3149
12957 1091
12957 1921
12957 2636
12957 726
12957 1090
12957 2984
12957 2737
12957 50
12957 2814
12957 849
12957 3249
12957 2401
12957 840
12957 2735
12957 1826
12957 2844
12957 848
12957 1344
12957 3155
12957 746
12957 1337
12957 3146
12957 1298
14228 675
14228 726
14228 1090
14228 2323
14228 3033
14228 2866
14228 1091
14228 166
14228 1146
14228 1297
14228 2941
14228 2844
14228 1709
14228 225
14228 1329
14228 3124
14228 1016
14228 1241
14228 71
14228 943
14228 2195
14228 3249
14228 2203
14228 300
14228 2009
14228 343
14228 2436
14228 2781
14228 630
14228 2905
14228 863
14228 1150
14228 1053
14228 2906
14228 2213
14228 895
14228 2248
14228 1252
14228 3329
14228 1713
14228 1516
11673 969
11673 1091
11673 1054
11673 3299
11673 574
11673 1673
11673 1090
11673 2844
11673 308
11673 1114
11673 1252
11673 1618
11673 2781
11673 2507
11673 2865
11673 726
11673 2817
11673 3220
11673 2987
11673 1297
11673 1288
11673 3249
11673 32
11673 2986
11673 1792
11673 343
11673 3033
11673 3442
11673 3108
11673 2551
11673 2248
11673 2326
11673 3293
11673 630
11673 675
11673 1410
11673 1241
11673 2768
11673 2737
11673 2706
11673 2636
11673 1559
11673 2984
16622 3039
16622 2651
16622 3448
16622 1410
16622 2369
16622 3293
16622 3503
16622 3220
16622 1919
16622 1427
16622 3298
16622 2016
16622 1690
16622 2816
16622 3508
16622 2549
16622 3555
16622 2406
16622 3299
16622 1265
16622 209
16622 2360
16622 2864
16622 1301
16622 3498
16622 3506
16622 1673
16622 2361
16622 2752
16622 2787
16622 1557
16622 2404
16622 2753
16622 2722
16622 2012
16622 2296
16622 3147
16622 2769
16622 1679
16622 3486
16622 2010
16622 1258
16622 2938
16622 3409
16622 1266
11086 2736
11086 1301
11086 3606
11086 2773
11086 3614
11086 2365
11086 32
11086 1673
11086 1557
11086 2844
11086 2679
11086 3293
11086 2325
11086 2784
11086 3249
11086 2845
11086 3008
11086 3452
11086 1241
11086 2636
11086 1263
11086 3605
11086 2360
11086 1091
11086 1973
11086 3594
11086 1297
11086 3558
11086 3033
11086 2769
11086 3566
11086 3610
11086 2551
11086 1410
11086 3616
11086 2865
11086 2817
11086 3038
11086 3080
11086 3220
11086 3498
11086 2012
11086 1690
11086 3039
11086 3382
11086 2516
11086 3448
11086 431
11086 2010
10257 2865
10257 32
10257 1427
10257 1241
10257 3508
10257 3151
10257 938
10257 1054
10257 3507
10257 2817
10257 1565
10257 1410
10257 2786
10257 3080
10257 3220
10257 1673
10257 1301
10257 1091
10257 3149
10257 2986
10257 1067
10257 1090
10257 3249
10257 2753
10257 2505
10257 943
10257 1539
10257 1679
10257 2768
10257 2365
10257 3155
10257 2636
10257 1298
10257 1252
10257 2984
10257 2806
10257 848
10257 3146
10257 2844
10257 840
10257 1297
10257 3487
10257 2549
10257 3502
10257 3594
10257 1288
10257 1265
10257 2001
19085 3055
19085 2361
19085 3376
19085 3508
19085 2551
19085 3302
19085 935
19085 3558
19085 2864
19085 2658
19085 2360
19085 2031
19085 3382
19085 1511
19085 3506
19085 1690
19085 2012
19085 3422
19085 1641
19085 2251
19085 1459
19085 1086
19085 3555
19085 1607
19085 3446
19085 1919
19085 3298
19085 2736
19085 2769
19085 1020
19085 1407
19085 2753
19085 2867
19085 2363
19085 2651
19085 3220
19085 2784
19085 2255
19085 1265
19085 3303
19085 3260
19085 3293
15411 3377
15411 2909
15411 1415
15411 3298
15411 2706
15411 3454
15411 3260
15411 3198
15411 1077
15411 840
15411 1417
15411 2951
15411 1416
15411 3184
15411 1467
15411 3311
15411 3082
15411 1683
15411 1380
15411 2791
15411 1365
15411 3108
15411 2939
15411 2411
15411 2244
15411 1973
15411 1868
15411 1709
15411 1410
15411 3248
15411 3553
15411 3551
15411 3287
15411 3093
15411 90
15411 2767
15411 597
15411 2402
15411 1232
15411 2682
15411 2325
15411 3552
15411 3418
15411 3436
15411 3040
15411 3219
15411 1406
15411 1243
15411 3625
9356 3542
9356 3234
9356 2803
9356 3383
9356 1871
9356 2079
9356 1054
9356 1690
9356 820
9356 2483
9356 3038
9356 3069
9356 1252
9356 2841
9356 2814
9356 1288
9356 3303
9356 2651
9356 3633
9356 1063
9356 1618
9356 3594
9356 1297
9356 2345
9356 2939
9356 1072
9356 2058
9356 2636
9356 1091
9356 2323
9356 3033
9356 2777
9356 2031
9356 1241
9356 3190
9356 32
9356 2844
9356 2753
9356 1850
9356 2867
9356 1007
9356 1679
9356 2507
9356 3293
9356 3606
9356 2860
9356 2326
9356 1243
18952 1427
18952 1690
18952 3503
18952 3298
18952 2756
18952 3400
18952 3409
18952 3506
18952 1641
18952 3459
18952 3293
18952 1980
18952 2360
18952 3507
18952 2864
18952 795
18952 2568
18952 3220
18952 1973
18952 2503
18952 2651
18952 2806
18952 3508
18952 3558
18952 3147
18952 1265
18952 1539
18952 2752
18952 2404
18952 3486
18952 2010
18952 1301
18952 1067
18952 1266
18952 2753
18952 3552
18952 3223
18952 2325
18952 1407
18952 1673
18952 2406
8229 840
8229 2773
8229 1117
8229 2781
8229 2814
8229 3127
8229 1544
8229 1709
8229 1056
8229 3594
8229 606
8229 630
8229 32
8229 2577
8229 3080
8229 1091
8229 1922
8229 2266
8229 2902
8229 29
8229 2865
8229 675
8229 1403
8229 323
8229 276
8229 3528
8229 726
8229 1819
8229 2768
8229 1679
8229 2248
8229 2941
8229 2636
8229 2574
8229 1377
8229 1297
8229 1879
8229 874
8229 786
8229 1702
8229 343
8229 2737
8229 3185
8229 71
8229 2844
5278 3092
5278 727
5278 355
5278 3254
5278 3034
5278 1294
5278 2638
5278 1551
5278 526
5278 3090
5278 3399
5278 3107
5278 1672
5278 1275
5278 3173
5278 1523
5278 1317
5278 15
5278 2536
5278 1029
5278 2819
5278 2798
5278 3009
5278 744
5278 124
5278 2521
5278 2593
5278 1365
5278 2627
5278 1725
5278 3259
5278 2477
5278 618
5278 3491
5278 341
5278 193
5278 362
5278 449
5278 3359
5278 2620
14479 1557
14479 1265
14479 3625
14479 2717
14479 2864
14479 2549
14479 3260
14479 2253
14479 2363
14479 1458
14479 2369
14479 3069
14479 2929
14479 3220
14479 3503
14479 2765
14479 2323
14479 1854
14479 2058
14479 1413
14479 78
14479 1258
14479 3184
14479 1690
14479 1919
14479 2503
14479 3311
14479 3448
14479 2325
14479 2003
14479 3302
14479 3486
14479 1579
14479 3147
14479 3403
14479 1539
14479 2010
14479 2404
14479 2784
14479 2753
14479 2296
14479 1379
14479 2909
14479 3312
14479 3498
14479 3506
14479 1673
14479 131
18983 3547
18983 1539
18983 2786
18983 3069
18983 2055
18983 1565
18983 3293
18983 1067
18983 2830
18983 2252
18983 2549
18983 1673
18983 1301
18983 2010
18983 2043
18983 1919
18983 1267
18983 2503
18983 3055
18983 1704
18983 2806
18983 1266
18983 3147
18983 1427
18983 3403
18983 2753
18983 3220
18983 3385
18983 3303
18983 1063
18983 3186
18983 1410
18983 3508
18983 3321
18983 3558
18983 795
18983 2135
18983 2251
18983 2803
18983 1792
8295 32
8295 2365
8295 1288
8295 3155
8295 2737
8295 29
8295 3249
8295 2249
8295 2814
8295 3146
8295 2373
8295 3033
8295 1554
8295 90
8295 3149
8295 1344
8295 177
8295 2483
8295 711
8295 2143
8295 2706
8295 1091
8295 1347
8295 3383
8295 1090
8295 2687
8295 2986
8295 3151
8295 728
8295 1054
8295 2616
8295 2649
8295 3080
8295 3315
8295 2344
8295 2773
8295 760
8295 57
8295 3487
8295 218
8295 3339
8295 2764
8295 2834
8295 2263
8295 3152
8295 2152
16479 795
16479 1641
16479 3486
16479 2503
16479 3400
16479 1539
16479 3147
16479 3558
16479 2753
16479 2679
16479 3507
16479 2752
16479 1301
16479 3506
16479 1673
16479 3552
16479 2360
16479 1265
16479 2406
16479 1467
16479 2568
16479 3508
16479 1202
16479 3298
16479 192
16479 1973
16479 3220
16479 1690
16479 1922
16479 1407
16479 2756
16479 3223
16479 3503
16479 1980
16479 3293
16479 2736
16479 2806
16479 1266
16479 2651
16479 2325
19188 2413
19188 2785
19188 2651
19188 3039
19188 2359
19188 3382
19188 1980
19188 3553
19188 1792
19188 2079
19188 3298
19188 1227
19188 2864
19188 3459
19188 1607
19188 3260
19188 1243
19188 2460
19188 3198
19188 1871
19188 2361
19188 1067
19188 1608
19188 3377
19188 1415
19188 3625
19188 3385
19188 3633
19188 2841
19188 1077
19188 1114
19188 3108
19188 2068
19188 3293
19188 3055
19188 1410
19188 2255
19188 2784
19188 2877
19188 2296
19188 3040
19188 3505
19188 1072
19188 3552
19000 3302
19000 1264
19000 2211
19000 1985
19000 3194
19000 3303
19000 3105
19000 3311
19000 2534
19000 2929
19000 2863
19000 2410
19000 3625
19000 3486
19000 3312
19000 2058
19000 2752
19000 3223
19000 1410
19000 1557
19000 2753
19000 3503
19000 2296
19000 1376
19000 1690
19000 2769
19000 820
19000 1427
19000 1458
19000 1919
19000 1501
19000 1683
19000 3299
19000 1063
19000 2406
19000 3505
19000 1413
19000 3459
19000 3184
19000 3498
19000 3293
19000 3409
19000 2822
19000 2253
19000 2431
19000 3220
19000 1686
3996 3149
3996 3383
3996 2248
3996 1403
3996 2941
3996 726
3996 1091
3996 3080
3996 711
3996 2249
3996 1566
3996 1922
3996 2373
3996 1054
3996 3151
3996 675
3996 2687
3996 1683
3996 130
3996 2832
3996 1544
3996 15
3996 630
3996 3629
3996 1826
3996 3487
3996 2860
3996 2834
3996 3186
3996 2781
3996 2938
3996 71
3996 3234
3996 2737
3996 1890
3996 3403
3996 343
3996 1819
3996 3155
3996 1061
3996 890
16465 3552
16465 2413
16465 2784
16465 2753
16465 1265
16465 3303
16465 1745
16465 2752
16465 2361
16465 2651
16465 2740
16465 3039
16465 3558
16465 3220
16465 1446
16465 3418
16465 2360
16465 2031
16465 1337
16465 2255
16465 3293
16465 1708
16465 3506
16465 1832
16465 1867
16465 3382
16465 2022
16465 1552
16465 2986
16465 1641
16465 1847
16465 2625
16465 2679
16465 389
16465 1690
16465 3298
16465 3182
16465 1407
16465 573
16465 1507
16465 185
16465 1266
16465 3304
16465 1344
16465 2769
2744 788
2744 943
2744 12
2744 2256
2744 3254
2744 2974
2744 3604
2744 3107
2744 3200
2744 1317
2744 840
2744 3033
2744 2851
2744 953
2744 2281
2744 2494
2744 1618
2744 3190
2744 1288
2744 3058
2744 3315
2744 625
2744 2143
2744 2687
2744 2993
2744 369
2744 2970
2744 2978
2744 2489
2744 2016
2744 836
2744 1679
2744 2816
2744 2971
2744 1007
2744 289
2744 1850
2744 3594
2744 1928
2744 2483
2744 3516
2744 2263
7458 2577
7458 1056
7458 1091
7458 2667
7458 2930
7458 3367
7458 2640
7458 3092
7458 3127
7458 32
7458 3185
7458 1701
7458 215
7458 323
7458 874
7458 1022
7458 2936
7458 3528
7458 576
7458 1780
7458 2902
7458 1443
7458 1203
7458 1377
7458 2686
7458 848
7458 2705
7458 2214
7458 3173
7458 276
7458 730
7458 2737
7458 29
7458 2323
7458 1298
7458 1679
7458 158
7458 1117
7458 1504
7458 2816
7458 3548
7458 259
7458 2814
7458 786
7458 240
17689 2473
17689 2909
17689 1943
17689 453
17689 2255
17689 2993
17689 3092
17689 1407
17689 2091
17689 1973
17689 2736
17689 795
17689 3223
17689 3293
17689 1685
17689 2363
17689 3392
17689 3555
17689 3222
17689 1552
17689 3446
17689 3376
17689 2756
17689 3260
17689 2361
17689 2679
17689 449
17689 2251
17689 3507
17689 2360
17689 2740
17689 2785
17689 1067
17689 3382
17689 3506
17689 1906
17689 2359
17689 2568
17689 2863
17689 3311
17689 3458
17689 1641
17689 2404
17689 3108
17689 1539
17689 2862
18804 3400
18804 3503
18804 2951
18804 1980
18804 2736
18804 3486
18804 1407
18804 3558
18804 1973
18804 3293
18804 3409
18804 1607
18804 2404
18804 2503
18804 2325
18804 1067
18804 1641
18804 2413
18804 2651
18804 3552
18804 2785
18804 3039
18804 3382
18804 795
18804 2406
18804 3553
18804 2753
18804 2360
18804 3298
18804 2031
18804 3260
18804 3508
18804 2361
18804 2460
18804 2679
18804 1301
18804 3384
18804 2251
18804 3220
18804 3555
18804 1265
18804 3385
18804 2756
18804 1467
18804 1258
18804 1690
18804 1266
19123 1467
19123 2345
19123 3384
19123 2361
19123 1458
19123 2833
19123 3198
19123 3260
19123 3555
19123 2406
19123 2360
19123 2251
19123 1690
19123 1407
19123 3184
19123 2951
19123 2363
19123 1258
19123 3505
19123 3055
19123 2756
19123 1943
19123 2058
19123 3553
19123 3551
19123 2031
19123 2736
19123 2917
19123 3039
19123 2012
19123 2785
19123 3552
19123 3382
19123 2359
19123 3625
19123 2068
19123 3458
19123 3385
19123 1063
19123 3148
19123 1459
19159 2369
19159 2406
19159 3498
19159 3147
19159 1258
19159 3448
19159 2549
19159 3506
19159 3382
19159 1427
19159 1266
19159 2651
19159 2342
19159 1690
19159 1410
19159 2519
19159 3377
19159 3220
19159 1063
19159 2460
19159 2031
19159 3508
19159 2361
19159 3503
19159 2753
19159 1458
19159 2938
19159 2410
19159 3486
19159 2864
19159 2769
19159 2806
19159 2752
19159 1539
19159 3547
19159 3312
19159 3555
19159 2404
19159 3299
19159 1686
19159 3505
19159 1673
19159 1265
19159 3293
19159 3298
19159 1557
19159 3409
19159 2786
19159 1919
9098 2778
9098 1297
9098 359
9098 410
9098 2577
9098 2585
9098 558
9098 2817
9098 2205
9098 131
9098 2243
9098 2865
9098 276
9098 1551
9098 2636
9098 2326
9098 400
9098 1265
9098 1459
9098 3261
9098 80
9098 2373
9098 3385
9098 336
9098 840
9098 3196
9098 3382
9098 2814
9098 2413
9098 3127
9098 695
9098 3383
9098 2860
9098 838
9098 492
9098 3375
9098 2667
9098 377
9098 3055
9098 2500
9098 2757
9098 2881
9098 2238
9098 32
9098 1716
9096 2296
9096 2470
9096 2373
9096 2636
9096 32
9096 1497
9096 207
9096 1241
9096 1043
9096 1767
9096 1512
9096 1148
9096 3077
9096 192
9096 2844
9096 217
9096 1350
9096 1284
9096 3342
9096 2326
9096 934
9096 2860
9096 3383
9096 118
9096 1286
9096 3442
9096 195
9096 2103
9096 1477
9096 1904
9096 1252
9096 3195
9096 2899
9096 1114
9096 2817
9096 2814
9096 1297
9096 3196
9096 2865
9096 2768
9096 585
9096 2644
9096 1685
4788 2985
4788 2844
4788 786
4788 193
4788 2457
4788 2986
4788 2936
4788 2845
4788 3604
4788 1506
4788 276
4788 780
4788 2987
4788 2235
4788 1117
4788 1233
4788 3185
4788 2666
4788 29
4788 1647
4788 1664
4788 3606
4788 2971
4788 1622
4788 840
4788 1921
4788 354
4788 848
4788 2214
4788 1443
4788 15
4788 2957
4788 3418
4788 1996
4788 1022
4788 2636
4788 2505
4788 3528
4788 1815
4788 2323
4788 3420
4788 1090
4788 2984
4788 1858
4788 149
4788 3594
4788 836
4788 1454
4788 1091
13276 2344
13276 290
13276 257
13276 100
13276 1749
13276 2995
13276 627
13276 1683
13276 711
13276 50
13276 760
13276 348
13276 1347
13276 3152
13276 1529
13276 3186
13276 465
13276 3080
13276 3031
13276 3403
13276 3370
13276 1720
13276 500
13276 2249
13276 3155
13276 219
13276 2637
13276 386
13276 262
13276 130
13276 3149
13276 2612
13276 3487
13276 1352
13276 1253
13276 1129
13276 1565
13276 363
13276 3432
13276 1566
13276 3151
13276 1766
17158 2539
17158 3554
17158 3463
17158 886
17158 2978
17158 787
17158 423
17158 498
17158 1190
17158 1988
17158 3191
17158 792
17158 329
17158 722
17158 2793
17158 3320
17158 693
17158 2442
17158 1935
17158 1274
17158 553
17158 3469
17158 1849
17158 3135
17158 2596
17158 753
17158 1445
17158 2597
17158 791
17158 3130
17158 338
17158 1675
17158 1419
17158 301
17158 1936
17158 3519
17158 872
17158 789
17158 595
17158 2695
17158 2662
18189 3194
18189 3558
18189 3186
18189 2325
18189 2031
18189 2251
18189 1980
18189 1792
18189 2803
18189 1501
18189 3506
18189 2909
18189 2736
18189 1634
18189 1072
18189 1459
18189 2867
18189 1410
18189 3299
18189 3039
18189 2917
18189 3446
18189 2785
18189 1243
18189 795
18189 2651
18189 1202
18189 820
18189 3298
18189 2784
18189 2503
18189 3551
18189 2361
18189 2568
18189 3403
18189 3552
18189 2079
18189 3542
18189 3385
18189 3069
18189 2534
18189 2830
18189 3303
18189 2359
18189 3260
14336 3257
14336 2622
14336 78
14336 2698
14336 1365
14336 2426
14336 3581
14336 1069
14336 2765
14336 1928
14336 1614
14336 2436
14336 2814
14336 3417
14336 2213
14336 2806
14336 3516
14336 599
14336 1392
14336 1779
14336 80
14336 187
14336 212
14336 798
14336 699
14336 3517
14336 337
14336 1600
14336 700
14336 1493
14336 2521
14336 2860
14336 389
14336 2473
14336 2662
14336 258
14336 537
14336 3265
14336 366
14336 2687
7106 2667
7106 29
7106 1366
7106 3339
7106 2986
7106 1029
7106 3559
7106 2577
7106 2789
7106 1216
7106 3580
7106 1716
7106 558
7106 280
7106 1431
7106 3440
7106 24
7106 840
7106 1090
7106 865
7106 675
7106 2646
7106 2324
7106 2266
7106 3504
7106 1922
7106 2866
7106 490
7106 2705
7106 3290
7106 2875
7106 2661
7106 31
7106 1551
7106 1054
7106 2264
7106 400
7106 276
7106 863
7106 2806
7106 335
7106 1200
7106 2521
19009 3498
19009 3312
19009 3311
19009 3148
19009 3382
19009 2917
19009 3458
19009 2769
19009 3194
19009 820
19009 3551
19009 3503
19009 1608
19009 1407
19009 3542
19009 2004
19009 1973
19009 2325
19009 2736
19009 3192
19009 3223
19009 3184
19009 3299
19009 1063
19009 2253
19009 2068
19009 3105
19009 3555
19009 1467
19009 3038
19009 1459
19009 3625
19009 2929
19009 1512
19009 1792
19009 2058
19009 2951
19009 2345
19009 1985
19009 3384
19009 1683
19009 3446
19009 3376
19009 1410
19009 1854
19009 3553
19009 2679
19009 2406
19009 3220
8319 3498
8319 1265
8319 29
8319 3220
8319 3147
8319 2360
8319 2864
8319 2769
8319 1301
8319 3508
8319 2753
8319 3376
8319 3223
8319 2363
8319 268
8319 3558
8319 3384
8319 1454
8319 2325
8319 1407
8319 1826
8319 2785
8319 3420
8319 3553
8319 3503
8319 3552
8319 2679
8319 1459
8319 1258
8319 2406
8319 3555
8319 2736
8319 1690
8319 2984
8319 3293
8319 1641
8319 1091
8319 209
8319 3298
8319 2756
8319 2987
8319 3039
8319 795
8319 3400
8319 2031
8319 3551
8319 3382
8319 2361
8319 2986
16254 1683
16254 3249
16254 3151
16254 1815
16254 153
16254 2521
16254 3597
16254 2404
16254 944
16254 1622
16254 820
16254 1319
16254 863
16254 3487
16254 3149
16254 209
16254 1298
16254 1921
16254 3080
16254 3146
16254 2841
16254 2938
16254 3155
16254 2706
16254 3508
16254 2939
16254 3152
16254 149
16254 3458
16254 1547
16254 943
16254 1090
16254 2235
16254 3506
16254 711
16254 2986
16254 1072
16254 1460
16254 2987
16254 1355
16254 2612
16254 2863
16254 2406
16254 840
16254 3150
16254 1337
16254 1690
16254 2662
16254 2984
9279 117
9279 2853
9279 760
9279 537
9279 2365
9279 3033
9279 1903
9279 162
9279 1288
9279 2846
9279 3234
9279 1134
9279 3452
9279 3151
9279 1718
9279 2143
9279 32
9279 2986
9279 1850
9279 2687
9279 1640
9279 3190
9279 2507
9279 1618
9279 1091
9279 840
9279 1734
9279 711
9279 2616
9279 2765
9279 2001
9279 261
9279 2834
9279 3324
9279 3155
9279 1007
9279 2344
9279 2000
9279 206
9279 1922
9279 1240
9279 2238
9279 2737
9279 699
433 85
433 695
433 3
433 1935
433 3320
433 1274
433 2814
433 299
433 3081
433 2831
433 595
433 2765
433 2757
433 1488
433 2334
433 3516
433 693
433 553
433 338
433 1297
433 1849
433 3481
433 1263
433 1716
433 2597
433 2382
433 1551
433 1419
433 2323
433 3315
433 2596
433 1988
433 3191
433 2900
433 2173
433 2717
433 1698
433 2577
433 3519
433 531
433 2519
433 498
433 2832
433 2865
17246 1622
17246 630
17246 840
17246 2866
17246 1544
17246 763
17246 2834
17246 1054
17246 343
17246 760
17246 2773
17246 3080
17246 1922
17246 2781
17246 1332
17246 1550
17246 814
17246 1287
17246 1766
17246 675
17246 3151
17246 1890
17246 1090
17246 1403
17246 1136
17246 1664
17246 726
17246 1347
17246 2768
17246 2986
17246 2248
17246 2334
17246 1298
17246 1826
17246 999
17246 2941
17246 2636
17246 2987
17246 780
17246 3146
17246 1352
17246 2505
17246 1506
17246 2637
17246 848
17246 2365
15487 2939
15487 2323
15487 2849
15487 3561
15487 1973
15487 2938
15487 584
15487 3452
15487 1263
15487 302
15487 2753
15487 2867
15487 165
15487 2248
15487 2091
15487 3323
15487 2859
15487 1634
15487 3446
15487 795
15487 3059
15487 2275
15487 2737
15487 2679
15487 101
15487 2687
15487 1565
15487 1531
15487 3392
15487 211
15487 3400
15487 2736
15487 3506
15487 2010
15487 533
15487 3220
15487 1500
15487 3303
15487 176
15487 3508
15487 2651
15487 3384
17231 2941
17231 3186
17231 3155
17231 711
17231 1922
17231 1709
17231 2323
17231 2249
17231 3080
17231 2900
17231 2494
17231 1890
17231 2834
17231 1403
17231 2687
17231 2737
17231 1054
17231 3149
17231 726
17231 2365
17231 2248
17231 3487
17231 1544
17231 1742
17231 1719
17231 1288
17231 760
17231 2143
17231 1826
17231 3399
17231 3315
17231 3249
17231 2087
17231 3151
17231 630
17231 2649
17231 2781
17231 343
17231 1554
17231 675
17231 1506
17231 1134
17231 814
17231 2344
17231 1664
18767 1973
18767 2012
18767 2679
18767 3555
18767 2325
18767 3148
18767 2251
18767 2359
18767 2736
18767 3446
18767 3298
18767 795
18767 1943
18767 2079
18767 1407
18767 3409
18767 3382
18767 2361
18767 3055
18767 2756
18767 2503
18767 3293
18767 3400
18767 2360
18767 3385
18767 1459
18767 3558
18767 2917
18767 3039
18767 3403
18767 1641
18767 2651
18767 3376
18767 3508
18767 3147
18767 2363
18767 2460
18767 3384
18767 3551
18767 2867
18767 3038
18767 3542
18767 3552
18767 2031
18647 1500
18647 2785
18647 3555
18647 2404
18647 2251
18647 2751
18647 1641
18647 2867
18647 3505
18647 2325
18647 3216
18647 1690
18647 3459
18647 3293
18647 3108
18647 3409
18647 3446
18647 1202
18647 1255
18647 2031
18647 2068
18647 3458
18647 1415
18647 3551
18647 2736
18647 3506
18647 1634
18647 2359
18647 3311
18647 3184
18647 2503
18647 3625
18647 795
18647 3302
18647 3508
18647 1416
18647 3503
18647 3376
18647 3223
18647 2758
18647 2568
18647 3148
18647 3486
18647 3552
18647 2864
14111 1921
14111 675
14111 2178
14111 2957
14111 1622
14111 3583
14111 709
14111 2941
14111 2948
14111 2394
14111 3329
14111 1988
14111 3059
14111 2858
14111 2207
14111 1922
14111 726
14111 3634
14111 1054
14111 2985
14111 1603
14111 2984
14111 299
14111 1091
14111 3249
14111 2433
14111 209
14111 3629
14111 1742
14111 2158
14111 2987
14111 3481
14111 1090
14111 1528
14111 2781
14111 630
14111 3151
14111 2986
14111 2831
14111 343
14111 266
14111 525
14111 2326
14111 71
19040 3377
19040 2068
19040 3312
19040 1413
19040 2406
19040 1791
19040 2756
19040 1686
19040 2822
19040 2679
19040 1512
19040 1264
19040 1067
19040 3299
19040 3555
19040 820
19040 1673
19040 1265
19040 2929
19040 2211
19040 1608
19040 1557
19040 3448
19040 2460
19040 1243
19040 2864
19040 3039
19040 2534
19040 2058
19040 2004
19040 1410
19040 2939
19040 2345
19040 1407
19040 3542
19040 2753
19040 2361
19040 1683
19040 1854
19040 1376
19040 3260
19040 3384
19040 3558
19040 2951
19040 2296
19040 1524
19040 1063
9489 3431
9489 2865
9489 760
9489 2616
9489 1403
9489 2143
9489 969
9489 85
9489 3383
9489 2817
9489 2507
9489 2832
9489 2406
9489 1618
9489 1091
9489 3452
9489 1347
9489 3033
9489 3552
9489 2870
9489 1090
9489 3249
9489 2753
9489 2986
9489 1539
9489 2768
9489 2737
9489 2846
9489 2636
9489 2373
9489 3116
9489 2814
9489 2938
9489 2551
9489 3077
9489 1337
9489 2279
9489 840
9489 1367
9489 1297
9489 1622
9489 1506
9489 2773
9489 2625
9489 1288
9489 32
9489 2323
18094 2679
18094 3553
18094 3220
18094 3503
18094 2753
18094 1690
18094 2031
18094 2296
18094 3147
18094 1973
18094 2568
18094 3384
18094 3508
18094 2460
18094 3400
18094 1641
18094 2503
18094 1258
18094 2360
18094 1266
18094 2010
18094 2806
18094 2864
18094 1301
18094 3409
18094 2078
18094 2756
18094 3039
18094 3293
18094 2361
18094 1407
18094 3298
18094 1539
18094 1067
18094 3446
18094 2549
18094 2406
18094 2786
18094 795
18094 3552
16514 3551
16514 1730
16514 1065
16514 420
16514 3524
16514 2866
16514 2255
16514 2756
16514 202
16514 2867
16514 3198
16514 3298
16514 1243
16514 3293
16514 1774
16514 3555
16514 3633
16514 1704
16514 3385
16514 3266
16514 2360
16514 1567
16514 2687
16514 2477
16514 2832
16514 2361
16514 238
16514 1618
16514 2251
16514 3383
16514 2917
16514 3041
16514 2860
16514 2388
16514 2373
16514 3303
16514 1980
16514 3542
16514 2079
16514 3505
16235 726
16235 2706
16235 3297
16235 3080
16235 3487
16235 1647
16235 2957
16235 2914
16235 2130
16235 3007
16235 2941
16235 219
16235 2832
16235 2619
16235 3420
16235 343
16235 3563
16235 3249
16235 2486
16235 2207
16235 3125
16235 2373
16235 630
16235 3594
16235 1815
16235 2248
16235 3151
16235 675
16235 1922
16235 748
16235 651
16235 2235
16235 1099
16235 2995
16235 627
16235 149
16235 2781
16235 1544
16235 2986
16235 1454
16235 2105
16235 3044
8194 3542
8194 29
8194 2513
8194 1501
8194 3216
8194 3147
8194 873
8194 2806
8194 1266
8194 2769
8194 2758
8194 3184
8194 2877
8194 1792
8194 3185
8194 1871
8194 1458
8194 1272
8194 2866
8194 2651
8194 3409
8194 3150
8194 1063
8194 2253
8194 2369
8194 3105
8194 3498
8194 3220
8194 3625
8194 1690
8194 2864
8194 1325
8194 2638
8194 1379
8194 3458
8194 2342
8194 1891
8194 2420
8194 2973
8194 3459
8194 3302
8194 2367
8194 2833
8194 3311
8194 1067
8194 2785
17074 283
17074 1719
17074 2010
17074 2255
17074 2814
17074 3303
17074 2651
17074 3039
17074 3293
17074 1266
17074 3400
17074 1641
17074 1054
17074 1407
17074 3220
17074 1690
17074 1919
17074 1973
17074 3260
17074 3446
17074 3384
17074 2363
17074 3298
17074 1265
17074 1459
17074 760
17074 2832
17074 2360
17074 2740
17074 3382
17074 2361
17074 1673
17074 2679
17074 3552
17074 2031
17074 2769
17074 2753
17074 2784
17074 3558
17074 2413
19124 2012
19124 2359
19124 3382
19124 1690
19124 2756
19124 3184
19124 3458
19124 2031
19124 2360
19124 2345
19124 2361
19124 2460
19124 3055
19124 3384
19124 3260
19124 3385
19124 2833
19124 3552
19124 3625
19124 2917
19124 3039
19124 1258
19124 2058
19124 2406
19124 2363
19124 2785
19124 3551
19124 1943
19124 3553
19124 1407
19124 3148
19124 2951
19124 2736
19124 1458
19124 2068
19124 3198
19124 1063
19124 3555
19124 1459
19124 2251
19124 3505
19124 1467
3990 2323
3990 1690
3990 3384
3990 3298
3990 836
3990 3446
3990 3376
3990 3508
3990 1090
3990 1815
3990 15
3990 2360
3990 1091
3990 1921
3990 2361
3990 2105
3990 2752
3990 2986
3990 2679
3990 2753
3990 3558
3990 2028
3990 2157
3990 1539
3990 2987
3990 3400
3990 1067
3990 2130
3990 848
3990 759
3990 3594
3990 2984
3990 1622
3990 2651
3990 3215
3990 1266
3990 2806
3990 1980
3990 1407
3990 3503
3990 2101
3990 2756
3990 1647
11462 1344
11462 3452
11462 2616
11462 760
11462 3151
11462 1134
11462 3077
11462 2344
11462 58
11462 2249
11462 2373
11462 3487
11462 1565
11462 3413
11462 1367
11462 3149
11462 1554
11462 2846
11462 1298
11462 2706
11462 3080
11462 85
11462 2001
11462 32
11462 3155
11462 2649
11462 3234
11462 3152
11462 711
11462 2737
11462 2687
11462 215
11462 1288
11462 2150
11462 2589
11462 130
11462 2143
11462 3249
11462 2834
11462 1054
11462 912
11462 664
16571 1544
16571 1297
16571 3260
16571 1709
16571 461
16571 1313
16571 1264
16571 2844
16571 630
16571 935
16571 2984
16571 1234
16571 2279
16571 1724
16571 1020
16571 2987
16571 2636
16571 207
16571 2941
16571 2248
16571 2986
16571 3108
16571 1091
16571 3194
16571 3302
16571 726
16571 1252
16571 2342
16571 1524
16571 3148
16571 1403
16571 1090
16571 2865
16571 1890
16571 675
16571 2001
16571 1922
16571 3221
16571 2967
16571 2781
16571 2253
16571 760
16571 2773
16571 2323
16571 3422
16571 1063
16571 343
16571 1954
16571 1054
12401 2753
12401 2786
12401 726
12401 1539
12401 2406
12401 3147
12401 2651
12401 2830
12401 795
12401 3403
12401 3382
12401 1067
12401 1685
12401 584
12401 2939
12401 354
12401 3186
12401 3293
12401 2404
12401 1544
12401 3380
12401 2781
12401 1413
12401 2806
12401 3185
12401 42
12401 1266
12401 3069
12401 1985
12401 1427
12401 2756
12401 630
12401 1265
12401 1922
12401 1364
12401 3220
12401 1063
12401 675
12401 1301
12401 2849
12401 3298
12401 3508
12401 1891
15877 760
15877 1134
15877 1506
15877 876
15877 1529
15877 2941
15877 2793
15877 711
15877 355
15877 1709
15877 3151
15877 726
15877 1891
15877 1298
15877 2637
15877 2323
15877 1403
15877 2768
15877 675
15877 2521
15877 1766
15877 2551
15877 2279
15877 3487
15877 2814
15877 1347
15877 2248
15877 3149
15877 814
15877 1288
15877 630
15877 130
15877 2344
15877 3155
15877 2087
15877 3442
15877 2781
15877 343
15877 1550
15877 1922
15877 1054
15877 2905
15877 3259
15877 2737
15877 385
15877 3146
15877 1332
18829 1067
18829 2431
18829 3380
18829 1413
18829 3223
18829 1379
18829 1501
18829 1255
18829 2753
18829 2786
18829 3553
18829 3403
18829 2841
18829 3039
18829 3041
18829 2752
18829 2785
18829 1641
18829 3385
18829 3552
18829 3040
18829 2296
18829 1301
18829 1607
18829 3105
18829 2460
18829 2568
18829 1376
18829 3186
18829 2806
18829 3069
18829 2830
18829 2929
18829 2369
18829 2822
18829 795
18829 1266
18829 820
18829 1686
18829 3184
19001 2431
19001 2736
19001 3148
19001 1114
19001 1683
19001 2785
19001 3403
19001 1410
19001 2004
19001 3377
19001 1467
19001 3303
19001 2651
19001 1673
19001 1376
19001 2255
19001 1227
19001 2939
19001 3186
19001 2010
19001 1539
19001 3507
19001 2740
19001 2806
19001 1877
19001 2830
19001 2253
19001 2079
19001 2211
19001 3506
19001 3069
19001 820
19001 1950
19001 1686
19001 1265
19001 1413
19001 1446
19001 3380
19001 3446
19001 2951
18762 2031
18762 2359
18762 3298
18762 2736
18762 2325
18762 2679
18762 3148
18762 1459
18762 2251
18762 1607
18762 3552
18762 2909
18762 3542
18762 2784
18762 1407
18762 2867
18762 1943
18762 3553
18762 3038
18762 3376
18762 3508
18762 3384
18762 3551
18762 2363
18762 2460
18762 3558
18762 2651
18762 3403
18762 3039
18762 795
18762 3385
18762 2360
18762 3382
18762 3400
18762 3293
18762 3409
18762 3055
18762 2361
18762 1973
18762 2079
18762 2345
18762 2012
12890 1343
12890 2936
12890 400
12890 3605
12890 2662
12890 2625
12890 50
12890 3594
12890 3554
12890 493
12890 2894
12890 1977
12890 3431
12890 377
12890 633
12890 786
12890 2986
12890 2577
12890 638
12890 2326
12890 1345
12890 2987
12890 3423
12890 846
12890 2995
12890 3396
12890 1716
12890 2162
12890 606
12890 3342
12890 895
12890 2984
12890 3606
12890 938
12890 1622
12890 1337
12890 2667
12890 1388
12890 3450
12890 348
12890 3146
12890 1342
12890 2705
10258 2768
10258 2636
10258 2806
10258 2798
10258 3508
10258 2753
10258 1301
10258 2865
10258 943
10258 3418
10258 1565
10258 1182
10258 3220
10258 836
10258 1298
10258 1673
10258 2986
10258 1265
10258 3080
10258 3146
10258 2549
10258 1067
10258 32
10258 1241
10258 3155
10258 3507
10258 1679
10258 2365
10258 2984
10258 1539
10258 2844
10258 2786
10258 1090
10258 848
10258 1252
10258 840
10258 3249
10258 944
10258 3502
10258 276
10258 1427
15023 2323
15023 999
15023 1054
15023 726
15023 2941
15023 2834
15023 2248
15023 1091
15023 1544
15023 1709
15023 1144
15023 85
15023 2143
15023 1288
15023 2687
15023 2737
15023 2494
15023 1890
15023 3151
15023 1403
15023 2773
15023 2781
15023 1579
15023 1554
15023 1719
15023 760
15023 1942
15023 3315
15023 2087
15023 343
15023 2987
15023 1826
15023 3182
15023 1718
15023 763
15023 1140
15023 630
15023 2986
15023 1284
15023 944
15023 3383
15023 675
15023 1134
15023 2551
15023 1332
15023 814
15023 2249
15023 1922
16825 2785
16825 3380
16825 1301
16825 226
16825 2751
16825 3148
16825 1506
16825 795
16825 2394
16825 2758
16825 1985
16825 3435
16825 3270
16825 3303
16825 2483
16825 1446
16825 2723
16825 2814
16825 3409
16825 1091
16825 1950
16825 1851
16825 760
16825 3359
16825 1313
16825 2986
16825 1850
16825 2341
16825 2143
16825 1403
16825 3506
16825 1114
16825 1618
16825 3184
16825 1791
16825 2406
16825 2323
16825 922
16825 2951
16825 2844
16825 3505
16825 1212
16825 1683
16825 1708
16825 2753
16825 1063
16825 3315
16825 2860
615 1117
615 2737
615 2214
615 1599
615 3324
615 1233
615 2682
615 2419
615 1481
615 2971
615 2411
615 1868
615 1660
615 1232
615 3418
615 1879
615 2574
615 1443
615 2553
615 143
615 959
615 994
615 3
615 3383
615 786
615 2902
615 3528
615 1956
615 2787
615 29
615 215
615 3234
615 2834
615 2999
615 2206
615 1702
615 1991
615 2487
615 2244
615 2829
18396 3508
18396 3384
18396 3293
18396 3409
18396 3376
18396 1067
18396 2360
18396 3220
18396 3552
18396 3551
18396 3147
18396 2806
18396 1266
18396 3503
18396 3553
18396 1407
18396 3148
18396 2503
18396 2404
18396 3486
18396 2296
18396 3039
18396 795
18396 3298
18396 1301
18396 2651
18396 2363
18396 1410
18396 3223
18396 2785
18396 3555
18396 2406
18396 1641
18396 3498
18396 1690
18396 2753
18396 1427
18396 2769
18396 2736
18396 3506
18396 3382
18396 3400
18396 2031
18396 2679
18396 1973
18396 2325
18396 3558
18739 3486
18739 3147
18739 3558
18739 1427
18739 1690
18739 1973
18739 3512
18739 3553
18739 2806
18739 2651
18739 2255
18739 2503
18739 3507
18739 1407
18739 2325
18739 1980
18739 1266
18739 3552
18739 1641
18739 2753
18739 3506
18739 1539
18739 2752
18739 2296
18739 3298
18739 1415
18739 2679
18739 2031
18739 3508
18739 3446
18739 2740
18739 2361
18739 2012
18739 2864
18739 795
18739 3220
18739 3503
18739 2406
18739 2568
18739 2360
18739 1301
18739 3293
18739 1265
18739 3400
18739 2756
14223 2494
14223 3220
14223 1403
14223 2279
14223 2928
14223 2551
14223 2781
14223 912
14223 90
14223 726
14223 3324
14223 1063
14223 85
14223 969
14223 774
14223 2806
14223 760
14223 1427
14223 2723
14223 1410
14223 71
14223 343
14223 2941
14223 1922
14223 3605
14223 1709
14223 2753
14223 1054
14223 935
14223 630
14223 1134
14223 2248
14223 1266
14223 3452
14223 1288
14223 2706
14223 3280
14223 1544
14223 177
14223 1539
14223 3616
4955 215
4955 3080
4955 814
4955 1334
4955 760
4955 15
4955 3185
4955 287
4955 3594
4955 1134
4955 3324
4955 2902
4955 30
4955 3044
4955 32
4955 2214
4955 3460
4955 2818
4955 2737
4955 2834
4955 1718
4955 3604
4955 3173
4955 2845
4955 2516
4955 2511
4955 2661
4955 2987
4955 2457
4955 1921
4955 1298
4955 1091
4955 848
4955 26
4955 874
4955 1599
4955 3606
4955 3528
4955 2971
4955 2505
4955 890
4955 1443
4955 1022
4955 3151
18167 3558
18167 3147
18167 2363
18167 3384
18167 3551
18167 3376
18167 2753
18167 1407
18167 3503
18167 3220
18167 1258
18167 2679
18167 1641
18167 3552
18167 1301
18167 1266
18167 2786
18167 3148
18167 3223
18167 2736
18167 2325
18167 3555
18167 3298
18167 1690
18167 3055
18167 2756
18167 3498
18167 2361
18167 795
18167 3382
18167 3293
18167 1072
18167 1067
18167 2864
18167 2651
18167 2503
18167 2255
18167 2917
18167 2360
18167 2413
18167 1265
18167 2785
10253 50
10253 1265
10253 2753
10253 2786
10253 2984
10253 3249
10253 1067
10253 1298
10253 2768
10253 2636
10253 3487
10253 1297
10253 3149
10253 1091
10253 1347
10253 2817
10253 32
10253 1090
10253 1288
10253 848
10253 574
10253 2865
10253 840
10253 1427
10253 130
10253 3155
10253 2806
10253 2649
10253 1054
10253 1565
10253 3220
10253 2706
10253 1673
10253 3146
10253 1301
10253 2549
10253 1252
10253 3508
10253 2878
10253 2986
10253 3507
10253 2737
10253 2844
10253 943
10253 2001
10253 1241
10253 1539
10253 2365
10253 3151
834 795
834 2296
834 957
834 3414
834 574
834 3201
834 2363
834 1791
834 2753
834 2125
834 228
834 1545
834 2568
834 2769
834 2241
834 2534
834 2758
834 898
834 229
834 1641
834 3500
834 2862
834 443
834 3260
834 1558
834 3289
834 820
834 2353
834 3376
834 221
834 3630
834 4
834 3220
834 2078
834 1501
834 2786
834 203
834 1919
834 2549
834 459
834 2010
834 1797
834 918
834 1546
2071 2029
2071 2127
2071 2119
2071 2045
2071 1206
2071 514
2071 2036
2071 538
2071 3557
2071 1648
2071 563
2071 3632
2071 2183
2071 2030
2071 756
2071 2083
2071 648
2071 2136
2071 743
2071 1343
2071 532
2071 2532
2071 1326
2071 3513
2071 155
2071 2710
2071 2589
2071 564
2071 3170
2071 2526
2071 2559
2071 2076
2071 9
2071 1304
2071 2650
2071 691
2071 1911
2071 3623
2071 2302
2071 954
2071 669
2071 1964
2071 445
2071 2186
2071 2583
15498 2339
15498 1980
15498 1685
15498 2391
15498 3106
15498 1227
15498 1871
15498 1770
15498 2841
15498 1427
15498 620
15498 2865
15498 3260
15498 2803
15498 3298
15498 1900
15498 3377
15498 1090
15498 1063
15498 2909
15498 3342
15498 2986
15498 2753
15498 3507
15498 3304
15498 2004
15498 1061
15498 2806
15498 2829
15498 1608
15498 2984
15498 959
15498 3512
15498 1563
15498 2737
15498 102
15498 2756
15498 1622
15498 3400
15498 1792
11085 1263
11085 3448
11085 2516
11085 2012
11085 3220
11085 3080
11085 2679
11085 2817
11085 2865
11085 3614
11085 3616
11085 3606
11085 2769
11085 3033
11085 2010
11085 1297
11085 431
11085 1973
11085 2360
11085 3605
11085 2636
11085 1241
11085 3452
11085 3382
11085 3039
11085 3008
11085 1690
11085 3498
11085 2845
11085 3249
11085 2784
11085 3038
11085 2325
11085 3293
11085 2844
11085 1557
11085 1673
11085 1410
11085 32
11085 2551
11085 2365
11085 3610
11085 3566
11085 2773
11085 3558
11085 1301
11085 2736
11085 3594
11085 1091
13301 3558
13301 2753
13301 1467
13301 3302
13301 948
13301 3147
13301 2010
13301 2939
13301 2877
13301 2737
13301 1683
13301 2031
13301 3092
13301 2162
13301 899
13301 2277
13301 2938
13301 2845
13301 2736
13301 3409
13301 3223
13301 2651
13301 1836
13301 3509
13301 3400
13301 385
13301 3399
13301 1067
13301 1835
13301 3508
13301 1641
13301 820
13301 2756
13301 2834
13301 2679
13301 3445
13301 3383
13301 1407
13301 508
13301 1973
13301 50
13301 2864
13301 2686
13301 795
13301 3396
13301 1607
19016 1265
19016 2939
19016 1467
19016 3403
19016 1861
19016 2079
19016 2830
19016 3303
19016 2010
19016 2404
19016 2753
19016 3312
19016 1792
19016 2211
19016 3498
19016 3507
19016 1686
19016 1407
19016 1973
19016 2863
19016 2406
19016 3150
19016 1524
19016 3384
19016 1376
19016 2431
19016 1539
19016 2756
19016 2323
19016 1587
19016 820
19016 3299
19016 1416
19016 2253
19016 3223
19016 2951
19016 1588
19016 2339
19016 1673
19016 2758
19016 3069
19016 1410
19016 2806
19016 1791
19016 2255
19016 2534
19016 1427
19016 3186
19016 1683
14418 759
14418 804
14418 3634
14418 2958
14418 2834
14418 153
14418 1836
14418 2662
14418 1788
14418 1858
14418 2894
14418 180
14418 1005
14418 2593
14418 2973
14418 1867
14418 2070
14418 3304
14418 78
14418 1460
14418 2793
14418 3259
14418 3630
14418 124
14418 2521
14418 2620
14418 2464
14418 3186
14418 1445
14418 3359
14418 2060
14418 938
14418 464
14418 3496
14418 526
14418 3125
14418 3092
14418 1318
14418 238
14418 209
14418 255
14418 750
14418 556
4079 2831
4079 2860
4079 3604
4079 135
4079 2971
4079 2930
4079 1553
4079 2553
4079 1879
4079 2280
4079 3396
4079 3065
4079 994
4079 3528
4079 1056
4079 3383
4079 3420
4079 3399
4079 2816
4079 215
4079 959
4079 786
4079 1377
4079 29
4079 2902
4079 1492
4079 1091
4079 1702
4079 3058
4079 2487
4079 1780
4079 2214
4079 15
4079 2851
4079 1263
4079 354
4079 3247
4079 3107
4079 3392
4079 3185
4079 1643
4079 2829
4079 3548
4079 1233
4079 3254
4079 1117
4079 2936
4079 1443
4079 1203
19096 2078
19096 1063
19096 1410
19096 2754
19096 2373
19096 3626
19096 1265
19096 2909
19096 1054
19096 3059
19096 2832
19096 2687
19096 1877
19096 1792
19096 2251
19096 2010
19096 1413
19096 3069
19096 2549
19096 3303
19096 2806
19096 2860
19096 2814
19096 1067
19096 3505
19096 1539
19096 3234
19096 2737
19096 3055
19096 3498
19096 1943
19096 3403
19096 2068
19096 3297
19096 3458
19096 1673
19096 3383
19096 2917
19096 2830
19096 2248
19096 2786
9947 1298
9947 2323
9947 1091
9947 3006
9947 1347
9947 2365
9947 3487
9947 1565
9947 2551
9947 2737
9947 736
9947 2675
9947 85
9947 760
9947 2834
9947 130
9947 2087
9947 2845
9947 3077
9947 2006
9947 3364
9947 32
9947 3155
9947 2844
9947 1054
9947 2986
9947 537
9947 1566
9947 863
9947 3149
9947 1801
9947 143
9947 2636
9947 2901
9947 1297
9947 1191
9947 1218
9947 1288
9947 58
9947 3342
9947 2900
9947 802
9947 2616
9947 3249
9947 2686
9947 3151
9947 840
9947 3080
9947 848
14292 1288
14292 343
14292 1544
14292 1792
14292 630
14292 2781
14292 1134
14292 1506
14292 1709
14292 2248
14292 3628
14292 2737
14292 3055
14292 3303
14292 1826
14292 726
14292 2877
14292 1067
14292 3249
14292 3629
14292 2087
14292 1819
14292 2986
14292 3583
14292 1742
14292 1091
14292 1099
14292 1890
14292 2941
14292 2143
14292 1410
14292 3383
14292 1054
14292 380
14292 3151
14292 3298
14292 1922
14292 1403
14292 760
14292 3260
14292 675
14292 71
14292 1063
13041 1579
13041 1949
13041 2409
13041 289
13041 2834
13041 941
13041 2586
13041 2494
13041 2143
13041 85
13041 1288
13041 420
13041 1730
13041 1647
13041 2477
13041 2687
13041 683
13041 3151
13041 760
13041 3315
13041 478
13041 2344
13041 1286
13041 2491
13041 2616
13041 3431
13041 392
13041 1347
13041 788
13041 3252
13041 1999
13041 1284
13041 1928
13041 1618
13041 2489
13041 2986
13041 3163
13041 3173
13041 2473
13041 670
13041 3155
13041 2488
13041 2737
13041 1298
13041 1331
13041 50
13041 1766
5011 1241
5011 558
5011 3155
5011 1117
5011 760
5011 814
5011 2249
5011 2814
5011 1822
5011 3249
5011 2793
5011 1054
5011 2706
5011 2521
5011 3149
5011 754
5011 3186
5011 1288
5011 3375
5011 2143
5011 3383
5011 2687
5011 3151
5011 3399
5011 1554
5011 2649
5011 2439
5011 2344
5011 2851
5011 2207
5011 1565
5011 2834
5011 556
5011 131
5011 3339
5011 15
5011 3487
5011 683
5011 130
5011 2379
5011 1551
5011 2737
5011 2882
5011 3626
19218 3551
19218 2460
19218 2361
19218 3147
19218 3039
19218 1498
19218 1407
19218 3400
19218 2503
19218 2359
19218 3298
19218 3108
19218 2736
19218 3459
19218 1306
19218 2679
19218 3555
19218 2406
19218 2068
19218 1415
19218 3552
19218 3148
19218 3503
19218 2251
19218 3260
19218 1202
19218 1379
19218 1690
19218 3223
19218 2012
19218 3508
19218 3384
19218 2363
19218 2917
19218 1641
19218 2769
19218 3625
19218 3220
19218 1459
19218 3311
19218 2753
19218 2360
17000 2867
17000 1415
17000 2323
17000 3069
17000 1090
17000 2806
17000 1264
17000 2068
17000 3186
17000 3108
17000 2031
17000 2844
17000 2939
17000 836
17000 3249
17000 1459
17000 2296
17000 1063
17000 3542
17000 2404
17000 2651
17000 3303
17000 2503
17000 3312
17000 3382
17000 3506
17000 2768
17000 1258
17000 3552
17000 3551
17000 2785
17000 2079
17000 2636
17000 2830
17000 1297
17000 2753
17000 3260
17000 2865
17000 3298
17000 2568
17000 840
17000 3220
17000 3385
17000 1686
17000 795
17000 1851
17000 276
17000 3184
17000 1641
19003 2651
19003 1264
19003 3055
19003 2758
19003 3403
19003 1539
19003 1258
19003 1501
19003 2295
19003 1641
19003 2534
19003 1266
19003 3311
19003 2830
19003 2863
19003 2806
19003 3303
19003 2752
19003 2079
19003 1686
19003 3542
19003 2211
19003 1446
19003 1376
19003 2031
19003 1524
19003 3186
19003 2342
19003 3148
19003 820
19003 1791
19003 1985
19003 3498
19003 3547
19003 2951
19003 1683
19003 1427
19003 3312
19003 2369
19003 2253
19003 2406
19003 1690
19003 1410
19003 3385
19003 3377
19003 3069
19003 1063
19003 1512
16723 2987
16723 3382
16723 3303
16723 1265
16723 2651
16723 2986
16723 1673
16723 2255
16723 3220
16723 1372
16723 3039
16723 2832
16723 3558
16723 2753
16723 959
16723 1622
16723 3260
16723 3384
16723 2769
16723 2361
16723 1919
16723 2010
16723 2740
16723 2814
16723 1345
16723 1407
16723 2360
16723 1641
16723 3304
16723 1266
16723 3552
16723 2784
16723 2413
16723 1690
16723 791
16723 2363
16723 1459
16723 3298
16723 2679
16723 493
16723 2031
16723 3293
16723 3446
16723 938
16723 1973
16723 2984
16723 3400
16723 991
16723 215
19121 3299
19121 1673
19121 1557
19121 1854
19121 1063
19121 1410
19121 2651
19121 1202
19121 2841
19121 3446
19121 2339
19121 1524
19121 1226
19121 2758
19121 3312
19121 1539
19121 1877
19121 2740
19121 3403
19121 1686
19121 1950
19121 1861
19121 3220
19121 2253
19121 3069
19121 3303
19121 2534
19121 2830
19121 2211
19121 1264
19121 3087
19121 3376
19121 1512
19121 2862
19121 1114
19121 1413
19121 1792
19121 3458
19121 2431
19121 3506
19121 2769
19121 1690
19121 1634
19121 1427
19121 3498
19121 2786
18458 3385
18458 2360
18458 3498
18458 2568
18458 3506
18458 3382
18458 1266
18458 2345
18458 3147
18458 2460
18458 2503
18458 3039
18458 1607
18458 3400
18458 1407
18458 2756
18458 2651
18458 1301
18458 3298
18458 2549
18458 2359
18458 3512
18458 2786
18458 3293
18458 2406
18458 1067
18458 1539
18458 1265
18458 3552
18458 2679
18458 3553
18458 795
18458 2404
18458 2325
18458 3558
18458 2867
18458 3508
18458 2413
18458 1641
18458 3384
18458 2753
18458 1690
18458 2806
15713 877
15713 1836
15713 1622
15713 3228
15713 653
15713 124
15713 2235
15713 280
15713 809
15713 1091
15713 2103
15713 2986
15713 2276
15713 1263
15713 759
15713 2349
15713 122
15713 684
15713 2936
15713 585
15713 2489
15713 1931
15713 683
15713 2588
15713 2819
15713 3249
15713 2662
15713 1889
15713 202
15713 1269
15713 2512
15713 937
15713 2645
15713 1318
15713 2511
15713 383
15713 2884
15713 2908
15713 3387
15713 2003
15713 1928
15713 209
16519 1140
16519 1690
16519 1427
16519 421
16519 1919
16519 2769
16519 3302
16519 3147
16519 2296
16519 2753
16519 1410
16519 2404
16519 1266
16519 2752
16519 202
16519 2361
16519 1258
16519 2010
16519 3506
16519 3382
16519 1579
16519 3498
16519 2864
16519 2360
16519 3299
16519 2460
16519 2406
16519 3555
16519 2549
16519 2012
16519 3508
16519 525
16519 3298
16519 3220
16519 1557
16519 1673
16519 3503
16519 3293
16519 2369
16519 1688
16519 1301
16519 3448
16519 2651
16519 3039
16519 3409
16519 1265
16519 3486
16519 2627
17347 3458
17347 3392
17347 1288
17347 1792
17347 2781
17347 1512
17347 3186
17347 1877
17347 1544
17347 2361
17347 726
17347 2477
17347 2939
17347 2706
17347 2846
17347 2756
17347 2503
17347 3080
17347 2651
17347 343
17347 2941
17347 2619
17347 630
17347 1564
17347 3446
17347 3148
17347 2753
17347 1683
17347 2365
17347 2834
17347 2737
17347 3507
17347 1403
17347 2248
17347 3151
17347 2687
17347 1054
17347 1690
17347 3506
17347 1312
17347 3150
19211 2359
19211 3303
19211 2785
19211 2413
19211 3459
19211 3108
19211 3400
19211 2031
19211 1114
19211 2361
19211 2404
19211 2251
19211 3553
19211 2679
19211 2460
19211 2345
19211 3382
19211 3506
19211 2864
19211 2360
19211 3385
19211 3552
19211 1690
19211 1459
19211 2363
19211 3384
19211 3508
19211 3260
19211 3293
19211 3039
19211 2651
19211 2756
19211 2091
19211 1607
19211 3298
19211 1792
19211 2503
19211 3055
19211 3551
19211 2909
19211 2068
19211 3184
19211 1415
19211 1258
19211 2753
18653 1467
18653 2756
18653 2679
18653 3446
18653 3512
18653 3298
18653 3503
18653 2406
18653 1690
18653 1407
18653 2325
18653 1673
18653 1588
18653 1301
18653 3148
18653 2866
18653 2753
18653 2010
18653 3486
18653 1266
18653 1587
18653 2323
18653 2296
18653 1539
18653 3558
18653 3147
18653 2752
18653 3384
18653 1265
18653 2361
18653 3508
18653 912
18653 3552
18653 795
18653 2651
18653 2503
18653 1973
18653 3383
18653 2806
18653 2360
18653 3507
18653 2568
18653 3220
18653 2831
18653 3506
18653 1641
18653 1297
18653 3400
19112 2251
19112 3184
19112 3555
19112 2359
19112 1943
19112 3382
19112 2079
19112 2360
19112 1407
19112 1498
19112 3458
19112 2361
19112 3625
19112 3260
19112 3384
19112 2833
19112 3055
19112 2460
19112 1458
19112 2784
19112 2345
19112 3459
19112 3039
19112 2012
19112 3385
19112 3505
19112 1459
19112 2785
19112 1063
19112 2917
19112 2736
19112 2363
19112 2058
19112 3552
19112 2909
19112 2951
19112 2406
19112 2068
19112 2031
19112 3446
12516 2549
12516 760
12516 2816
12516 2087
12516 1562
12516 744
12516 1678
12516 3220
12516 1372
12516 959
12516 935
12516 1679
12516 1539
12516 1148
12516 1680
12516 3508
12516 2967
12516 1234
12516 2753
12516 994
12516 1769
12516 2801
12516 3195
12516 1284
12516 2999
12516 476
12516 1301
12516 840
12516 1960
12516 1020
12516 2553
12516 45
12516 2686
12516 1780
12516 2926
12516 461
12516 3422
12516 1954
12516 1552
12516 991
12516 215
12516 2365
