432 2 84 298 497 530 552 594 692 1262 1273 1296 1418 1487 1550 1697 1715 1848 1934 1987 2172 2322 2333 2381 2518 2576 2595 2596 2716 2756 2764 2830 2831 3080 3190 3314 3480
614 2 214 958 993 1116 1231 1232 1480 1598 1659 1867 1878 1990 2205 2213 2243 2418 2486 2552 2681 2786 2828 2901 2970 2998 3233 3323 3382
833 3 202 227 228 442 573 794 819 897 917 956 1500 1544 1545 1557 1640 1790 1918 2009 2077 2124 2352 2362 2548 2567 2757 2768 2785 2861 3219 3413 3499 3629
2070 8 154 444 513 537 562 563 647 668 690 755 953 1205 1303 1325 1342 1647 1910 1963 2028 2035 2044 2082 2118 2126 2135 2182 2185 2531 2558 2582 2588 2649 3169 3512 3556 3622
2606 11 288 431 584 624 787 999 1053 1287 1617 1849 1919 2142 2151 2190 2262 2298 2300 2482 2493 2506 2594 2686 2973 3032 3058 3189 3279 3314 3382 3579
2743 11 368 624 787 835 839 952 1006 1287 1316 1617 1678 1849 1927 2015 2255 2262 2280 2482 2488 2850 2969 2970 2977 2992 3032 3057 3106 3189 3199 3253 3314 3515 3593 3603
3941 14 28 275 279 785 1021 1071 1090 1409 1426 1457 1505 1538 1822 1857 2252 2322 2430 2506 2567 2650 2805 2813 2829 2843 2861 2985 3222 3384 3402 3506
3989 14 847 1066 1090 1265 1406 1538 1621 1646 1689 1814 1920 1979 2027 2104 2156 2322 2359 2650 2678 2751 2752 2755 2805 2983 2985 3297 3383 3445 3507 3557 3593
3995 14 70 129 342 629 725 889 1053 1060 1090 1402 1565 1682 1825 1889 1921 2247 2248 2686 2780 2831 2833 2937 2940 3079 3148 3150 3154 3185 3233 3382 3402 3486 3628
4078 14 28 134 214 785 958 993 1055 1090 1116 1202 1232 1262 1376 1442 1491 1552 1642 1779 1878 2213 2279 2486 2815 2828 2830 2850 2859 2901 2929 2935 2970 3057 3064 3106 3246 3391 3395 3398 3419 3527 3547 3603
4322 14 17 28 214 710 759 839 889 1053 1090 1128 1226 1287 1300 1346 1351 1549 1825 1850 1993 2248 2364 2502 2685 2736 2807 2829 2833 2845 2970 2985 3068 3117 3148 3150 3185 3301 3402 3593
4787 14 28 148 192 275 353 779 785 835 839 1021 1089 1090 1116 1232 1442 1453 1505 1621 1646 1663 1814 1857 1920 2213 2234 2322 2456 2504 2635 2665 2843 2844 2935 2956 2970 2983 2984 2985 2986 3527 3593 3603 3605
4954 14 25 29 214 286 759 813 847 873 889 1021 1090 1133 1297 1333 1598 1717 1920 2456 2504 2515 2736 2817 2833 2844 2901 2970 2986 3150 3172 3184 3323 3459 3527 3593 3603 3605
5010 555 557 682 753 759 813 1053 1116 1240 1287 1550 1553 1564 2142 2206 2248 2343 2378 2438 2520 2648 2686 2705 2792 2813 2833 2850 2881 3148 3150 3154 3185 3248 3338 3382 3398 3625
5277 14 123 192 354 361 525 617 726 743 1028 1274 1293 1316 1364 1671 1724 2476 2520 2592 2619 2637 2797 2818 3008 3033 3089 3172 3253 3258 3358 3398 3490
7105 23 30 275 279 334 399 489 557 674 839 862 864 1028 1053 1089 1199 1215 1365 1430 1550 1715 1921 2265 2323 2520 2576 2645 2660 2666 2704 2788 2805 2865 2874 3338 3439 3503 3558 3579
7457 31 157 239 258 275 322 575 729 785 847 873 1021 1055 1090 1116 1202 1297 1376 1442 1503 1678 1700 2213 2322 2576 2639 2666 2685 2704 2736 2813 2815 2901 2929 2935 3126 3172 3184 3366 3527 3547
7736 282 1062 1066 1113 1409 1458 1520 1607 1682 1942 2009 2030 2324 2548 2650 2736 2768 2784 2829 2863 2866 2876 2908 3068 3104 3146 3149 3185 3219 3292 3546
8193 28 872 1062 1265 1271 1324 1378 1457 1500 1689 1791 1890 2341 2366 2368 2419 2512 2637 2650 2757 2768 2784 2805 2863 2865 2972 3104 3183 3215 3301 3310 3408 3457 3458 3541 3624
8212 28 45 80 116 275 342 399 491 605 629 674 725 839 905 912 1083 1116 1232 1346 1543 1558 1610 1646 1825 1920 1921 1930 2364 2576 3043 3106 3323 3527
8228 28 31 70 275 322 342 605 629 674 785 839 873 1090 1116 1402 1543 1678 1701 1708 1818 1878 2247 2576 2736 2767 2772 2780 2843 2864 2901 3079 3126 3184 3593
8294 28 31 89 176 217 710 727 759 1053 1089 1090 1287 1346 1553 2142 2151 2248 2343 2364 2648 2686 2705 2736 2763 2772 2813 2833 2985 3032 3148 3150 3151 3154 3248 3314 3338 3382
8318 28 794 1090 1257 1264 1300 1406 1458 1640 1689 1825 2359 2360 2362 2405 2735 2752 2755 2768 2784 2983 2985 2986 3146 3219 3222 3297 3375 3381 3419 3497 3502 3507 3550 3551 3552 3554 3557
8636 30 263 819 1221 1263 1264 1523 1672 1685 1791 1881 1949 2210 2252 2295 2405 2650 2805 2821 2829 2915 2928 2950 3068 3287 3311 3402 3497 3554
9095 31 117 191 194 206 216 584 1042 1147 1240 1251 1283 1285 1296 1349 1496 1903 2102 2295 2325 2372 2469 2643 2813 2816 2843 2859 2864 2898 3076 3195 3341 3382
9097 31 79 130 275 335 358 399 409 491 557 694 837 1264 1458 1550 1715 2237 2372 2412 2499 2584 2635 2666 2777 2813 2816 2864 2880 3054 3126 3195 3260 3374 3381 3382 3384
9127 31 49 171 759 839 1006 1053 1090 1133 1251 1287 1297 1402 1617 2000 2142 2206 2245 2325 2364 2482 2648 2686 2705 2767 2833 2843 2985 3032 3145 3148 3150 3189 3248
9182 225 243 392 439 463 672 762 910 1005 1023 1094 1096 1286 1287 1366 1455 1538 1621 1639 1717 2086 2387 2405 2493 2506 2557 2611 2624 3202 3412 3430 3442 3579
9186 31 129 142 214 275 358 759 839 847 889 968 1090 1133 1232 1287 1331 1346 1366 1371 1717 2000 2364 2635 2736 2815 2845 2869 2901 3058 3079 3148 3150 3154 3248 3382
9278 31 116 161 205 260 536 698 710 759 839 1090 1133 1239 1287 1617 1717 1849 1902 1999 2000 2237 2343 2364 2506 2615 2736 2764 2833 2845 2985 3154 3189 3233 3323 3451
9355 31 819 1006 1053 1062 1071 1090 1240 1242 1251 1296 1849 1870 2030 2322 2325 2344 2506 2635 2650 2752 2776 2802 2840 2843 2859 2938 3032 3037 3189 3233 3292 3382 3541 3593 3632
9488 31 84 759 839 968 1090 1287 1296 1336 1346 1402 1505 1621 2142 2278 2322 2372 2405 2506 2550 2615 2624 2635 2736 2752 2772 2813 2816 2831 2845 2869 2985 3032 3076 3115 3248 3382 3551
9758 31 84 163 176 759 813 1053 1133 1143 1262 1287 1296 1366 1510 1564 1717 2086 2322 2333 2364 2372 2615 2635 2705 2741 2813 2831 2864 2899 2900 3150 3179 3233 3409
9946 31 129 735 759 801 862 1053 1090 1287 1297 1346 1564 1565 1800 2005 2086 2322 2364 2550 2615 2635 2674 2685 2736 2833 2843 2844 2899 2900 2985 3076 3148 3150 3154 3248 3341 3486
10055 31 84 119 208 286 710 968 1240 1296 1505 1510 1617 1822 2325 2372 2393 2519 2593 2611 2615 2782 2816 2820 2831 2864 2899 2966 2983 2985 2993 3076 3079 3151 3248 3279 3409 3486
10067 31 49 129 759 839 847 937 1053 1089 1240 1251 1286 1287 1297 1331 1346 1564 1621 2000 2086 2206 2322 2343 2364 2550 2635 2648 2705 2736 2767 2816 2843 2864 2983 2986 3145 3148 3150 3154 3248 3481 3486
10247 573 942 1089 1090 1240 1251 1264 1287 1297 1300 1426 1538 1564 1621 1672 2548 2635 2736 2752 2767 2785 2816 2843 2864 2985 3032 3079 3148 3219 3341 3506 3507
10252 31 49 129 839 847 942 1053 1066 1089 1090 1240 1251 1264 1287 1296 1297 1300 1346 1426 1538 1672 2364 2648 2705 2752 2767 2785 2805 2816 2843 2864 2877 2983 3145 3148 3154 3219 3248 3486 3506 3507
10256 31 839 847 937 942 1053 1066 1089 1240 1251 1287 1296 1297 1300 1409 1426 1564 1672 2000 2364 2504 2548 2635 2752 2767 2785 2816 2843 2864 2985 3079 3145 3148 3150 3154 3486 3501 3506 3507 3593
10257 31 835 839 847 943 1066 1089 1181 1240 1251 1264 1297 1300 1426 1564 1672 2364 2635 2752 2767 2785 2805 2843 2864 2983 2985 3145 3154 3219 3417 3501 3507
10314 31 227 228 442 458 573 759 839 847 897 942 943 956 1089 1090 1240 1296 1297 1343 1346 1366 1545 1553 1557 1799 2124 2240 2364 2372 2550 2635 2636 2767 2813 2816 2831 2859 2864 2865 2912 3145 3233 3288
10603 31 84 430 759 787 968 1006 1053 1090 1251 1287 1564 1617 1849 2086 2142 2278 2322 2325 2372 2482 2550 2615 2635 2705 2772 2813 2816 2831 2843 2859 2864 2869 3007 3032 3076 3102 3189 3195 3279 3382 3451 3579
11082 31 430 1090 1240 1262 1296 1300 1409 1556 1672 1689 1972 2009 2359 2364 2515 2550 2635 2678 2735 2768 2772 2783 2816 2843 2844 2864 3007 3032 3079 3219 3248 3292 3381 3447 3451 3497 3557 3565 3593 3604 3605 3609 3615
11083 31 430 1090 1240 1296 1409 1556 1672 1972 2009 2011 2324 2359 2364 2550 2635 2678 2735 2783 2816 2843 2864 3007 3032 3037 3038 3219 3248 3381 3497 3557 3565 3593 3604 3605 3609 3613 3615
11084 31 430 1090 1262 1409 1556 1672 1689 2009 2011 2324 2359 2515 2550 2635 2735 2768 2772 2783 2816 2843 2844 2864 3007 3038 3219 3248 3292 3381 3497 3557 3565 3593 3604 3605 3609
11085 430 1090 1240 1262 1300 1409 1556 1672 1689 1972 2009 2011 2324 2364 2515 2550 2635 2678 2735 2768 2772 2783 2816 2843 2844 3007 3032 3037 3038 3079 3219 3248 3292 3447 3451 3497 3557 3565 3593 3604 3609 3613
11118 31 214 399 759 813 839 847 889 1090 1240 1251 1296 1564 1629 1678 2364 2635 2767 2814 2816 2843 2912 2937 2983 2985 3145 3150 3154 3248 3486 3593
11461 57 84 129 214 663 911 1053 1133 1287 1297 1343 2000 2142 2149 2248 2343 2372 2588 2615 2686 2705 2736 2833 2845 3076 3148 3154 3233 3248 3412 3451 3486
11522 31 652 701 839 872 912 996 1053 1240 1251 1268 1296 1331 1445 1476 1496 2086 2364 2510 2550 2615 2635 2705 2767 2816 2844 2864 2876 2900 2903 3148 3248 3292 3338 3409 3481 3515 3516
11567 460 934 1240 1251 1264 1265 1406 1505 1510 1617 1640 1849 1953 2030 2254 2322 2359 2360 2412 2482 2650 2678 2739 2752 2843 3032 3038 3189 3219 3292 3297 3302 3381 3383 3399 3421 3551 3557
11672 31 307 573 629 674 725 1053 1089 1090 1113 1251 1287 1296 1558 1617 1672 1791 2247 2325 2506 2550 2635 2705 2736 2767 2780 2816 2864 2983 2985 2986 3107 3219 3292 3298
11789 31 49 555 572 839 942 943 1089 1090 1240 1251 1296 1297 1336 1339 1343 1346 1366 1445 1621 1707 2021 2463 2520 2615 2624 2635 2767 2772 2816 2843 2864 2869 2983 2985 2986 3145 3195 3248 3417 3501
12400 41 353 583 629 674 725 794 1062 1066 1264 1265 1300 1412 1426 1538 1684 1890 1921 2405 2650 2752 2755 2785 2805 2848 2938 3146 3184 3185 3219 3381 3507
12695 45 57 81 82 134 208 239 724 1088 1148 1262 1275 1331 2023 2103 2161 2184 2438 2457 2512 2670 2830 2902 2988 3076 3158 3164 3166 3167 3186 3194 3206 3252 3387 3398 3451
12889 49 347 376 492 605 632 785 845 894 937 1336 1341 1342 1344 1387 1621 1715 1976 2325 2576 2624 2666 2704 2893 2935 2985 2986 2994 3145 3341 3395 3422 3430 3593
12956 49 629 725 745 839 847 848 1089 1090 1297 1343 1346 1402 1505 1621 1629 1883 1920 2039 2147 2163 2400 2624 2636 2700 2734 2813 2843 2864 2940 2956 2983 2985 3079 3097 3145 3148 3154 3248
13040 49 84 288 391 419 477 759 787 940 1283 1287 1297 1330 1346 1617 1646 1729 1765 1927 1948 1998 2142 2343 2408 2476 2488 2490 2493 2585 2615 2686 2736 2833 2985 3150 3154 3162 3172 3251 3314 3430
13275 49 129 218 256 289 347 362 385 464 499 626 710 1252 1346 1528 1564 1565 1682 1719 1748 1765 2248 2343 2611 2636 2994 3030 3148 3154 3369 3486
13300 49 384 507 794 819 947 1406 1466 1606 1640 1682 1834 1972 2009 2161 2276 2650 2678 2685 2735 2736 2755 2833 2844 2863 2876 2937 2938 3091 3146 3382 3395 3398 3408 3508
14110 70 208 265 524 629 674 708 725 1089 1090 1527 1602 1621 1741 1920 1921 1987 2157 2177 2206 2325 2432 2780 2830 2857 2940 2956 2983 2985 2986 3480 3582 3628 3633
14222 70 84 89 176 342 725 759 773 911 934 968 1053 1062 1265 1287 1402 1409 1708 1921 2247 2278 2550 2705 2722 2752 2780 2805 2927 3219 3279 3451 3604 3615
14227 165 224 299 342 629 725 862 1015 1052 1089 1090 1145 1149 1240 1515 1708 1712 2008 2202 2212 2247 2322 2435 2780 2843 2865 2904 2905 2940 3032 3123 3248 3328
14291 70 342 379 629 674 725 759 1053 1062 1066 1090 1098 1287 1402 1505 1708 1741 1818 1825 1889 1921 2086 2142 2247 2736 2780 2876 2940 3054 3150 3248 3297 3382 3627 3628
14335 77 186 211 257 336 388 598 698 1068 1391 1492 1599 1613 1778 1927 2212 2425 2435 2472 2520 2661 2697 2805 2813 2859 3256 3264 3416 3516 3580
14417 77 123 152 179 208 237 254 463 555 749 758 1004 1317 1444 1459 1787 1857 2059 2592 2661 2792 2833 2893 2957 2972 3091 3124 3185 3258 3303 3629 3633
14478 77 1257 1264 1378 1412 1457 1538 1556 1578 1672 1689 1853 2002 2009 2057 2252 2295 2322 2324 2362 2368 2403 2502 2548 2716 2752 2764 2783 2863 2908 3068 3146 3183 3219 3310 3311 3402 3485 3497 3502 3505
14776 84 139 227 228 442 758 759 897 956 968 1006 1090 1287 1296 1366 1553 1557 1617 1639 1717 1822 2086 2240 2278 2322 2333 2506 2550 2615 2657 2772 2816 2845 2864 3032 3102 3189 3409 3451
14948 84 129 813 905 1066 1133 1287 1441 1458 1466 1510 1511 1689 1717 1745 1842 2000 2023 2030 2086 2142 2343 2550 2615 2648 2705 2767 2899 2911 2927 2994 3195 3281 3521
15007 84 163 759 1053 1062 1066 1133 1203 1300 1409 1510 1538 1564 1640 1672 1682 1685 1717 1790 2009 2278 2322 2325 2393 2403 2548 2550 2648 2650 2752 2772 2805 2862 2908 3197 3310 3397 3458 3507 3624
15020 84 384 530 794 1053 1201 1263 1305 1312 1416 1426 1497 1640 2030 2067 2210 2361 2362 2413 2531 2567 2739 2768 2829 2840 3068 3104 3146 3147 3185 3279 3302 3384 3402 3445 3546 3551 3554 3557
15022 84 629 674 725 759 762 813 943 998 1053 1090 1133 1139 1143 1283 1287 1331 1402 1543 1553 1578 1717 1718 1825 1889 1921 1941 2086 2248 2493 2550 2686 2736 2772 2780 2833 2940 2985 2986 3150 3181 3314 3382
15074 84 119 161 206 384 460 867 933 1019 1090 1133 1147 1312 1528 1564 1708 1723 1822 1968 2259 2267 2278 2322 2325 2393 2550 2722 2753 2966 3409 3421
15253 176 265 342 629 725 759 813 1090 1139 1331 1366 1402 1527 1543 1553 1639 1648 1708 1717 1718 1866 1889 1921 2247 2278 2322 2364 2550 2615 2635 2780 2790 2833 2909 2940 2947 3150 3393 3451 3628
15410 89 596 1076 1231 1242 1364 1379 1414 1415 1416 1466 1682 1867 1972 2243 2324 2401 2410 2681 2705 2908 2938 2950 3081 3092 3107 3286 3297 3376 3417 3453 3551 3624
15486 100 164 175 532 583 794 1262 1499 1530 1564 1633 2090 2247 2274 2322 2650 2678 2686 2735 2736 2752 2848 2858 2866 2938 3058 3219 3302 3322 3383 3391 3399 3445 3451 3505
15497 101 619 1062 1089 1426 1607 1684 1769 1791 1870 1979 2003 2338 2736 2752 2755 2802 2805 2828 2840 2864 2908 2983 2985 3105 3259 3303 3341 3376 3399 3506 3511
15595 155 175 191 205 206 366 467 698 731 734 867 1004 1216 1217 1354 1515 1821 1835 2149 2282 2300 2372 2469 2746 2800 2859 3227 3257 3258
15712 121 123 201 279 382 652 682 683 758 808 876 936 1090 1317 1621 1888 1927 1930 2002 2102 2234 2275 2348 2488 2510 2511 2818 2883 2907 2935 2985 3227 3248 3386
15729 123 179 208 340 525 586 733 743 751 1293 1690 1890 1902 2028 2056 2103 2251 2366 2372 2520 2619 2661 2708 2956 2972 2992 3258 3358 3490 3516 3620
15876 129 342 354 384 629 674 710 725 759 813 875 1053 1133 1287 1331 1346 1528 1549 1708 1765 1890 1921 2086 2247 2322 2343 2520 2550 2636 2736 2767 2780 2792 2813 3148 3150 3154 3258 3441 3486
16234 148 218 342 626 629 650 674 725 1098 1453 1543 1814 1921 2104 2129 2206 2234 2247 2372 2485 2618 2705 2780 2831 2913 2940 2956 2985 2994 3006 3043 3079 3124 3150 3419 3486 3562 3593
16253 148 152 208 710 819 839 862 943 1071 1089 1297 1318 1336 1354 1459 1546 1621 1682 1920 2234 2403 2520 2840 2862 2983 2986 3145 3148 3149 3150 3151 3154 3457 3486 3505 3507
16361 173 179 258 292 319 724 743 882 910 996 1252 1470 1482 1526 1550 1611 2392 2526 2535 2721 2753 2831 2865 2956 3084 3358 3374 3495 3516 3633
16411 176 297 298 433 497 680 708 788 789 790 845 1257 1405 1416 1500 1523 1538 1556 1672 1791 1972 2057 2150 2324 2694 2768 2805 2829 2832 2863 3068 3107 3302 3310 3393 3447 3480 3497 3553
16464 388 572 1264 1265 1406 1445 1551 1640 1689 1707 1744 1846 1866 2030 2254 2359 2360 2412 2624 2650 2678 2739 2751 2752 2768 2783 2985 3181 3219 3292 3297 3302 3303 3381 3417 3505 3551
16478 191 1264 1265 1406 1466 1538 1672 1921 1979 2324 2359 2567 2650 2678 2735 2751 2752 2755 2805 3146 3219 3222 3292 3297 3399 3485 3502 3505 3551 3557
16513 419 1064 1242 1617 1703 1729 1979 2078 2250 2254 2360 2372 2387 2686 2831 2859 2865 2866 2916 3040 3197 3292 3297 3302 3382 3384 3504 3550 3554 3632
16518 201 420 524 1257 1264 1265 1300 1409 1426 1556 1672 1687 1689 1918 2009 2295 2359 2368 2405 2459 2548 2626 2650 2751 2752 2768 3146 3219 3292 3298 3301 3381 3447 3485 3505
16570 206 342 460 629 674 725 934 1019 1062 1089 1090 1233 1251 1312 1402 1523 1543 1723 1889 1921 1953 2000 2247 2278 2322 2341 2635 2780 2843 2864 2940 2966 2983 2985 2986 3107 3147 3193 3259 3421
16621 208 1257 1264 1265 1300 1409 1556 1678 1689 1918 2009 2011 2015 2295 2359 2360 2368 2403 2405 2548 2650 2721 2752 2768 2815 2863 2937 3146 3297 3298 3408 3447 3485 3497 3505 3507 3554
16636 208 1062 1257 1378 1406 1414 1458 1689 2011 2030 2067 2252 2295 2360 2362 2405 2502 2678 2741 2752 2784 2866 3107 3197 3259 3297 3310 3382 3383 3399 3458 3485 3507 3551 3624
16722 214 492 790 937 958 990 1264 1265 1344 1371 1406 1458 1640 1672 1689 1918 1972 2009 2030 2359 2360 2362 2412 2650 2739 2752 2768 2783 2813 2983 2985 3038 3219 3259 3292 3297 3302 3303 3381 3383 3445 3557
16727 282 819 862 1113 1133 1409 1497 1791 2000 2078 2086 2252 2333 2341 2359 2360 2502 2705 2862 2916 2928 3054 3191 3402 3447 3546 3550 3557
16824 225 794 921 1062 1090 1113 1211 1300 1312 1402 1505 1617 1682 1707 1790 1850 1949 1984 2322 2340 2393 2405 2482 2722 2750 2752 2757 2784 2813 2843 2859 2950 3147 3269 3302 3314 3358 3379 3408 3434 3504 3505
16838 229 794 819 1066 1262 1263 1264 1265 1300 1412 1538 1682 1876 2046 2048 2322 2344 2359 2401 2403 2650 2678 2755 2783 2813 2938 3068 3079 3146 3185 3292 3302 3311 3399 3402 3408 3507
16999 275 1062 1257 1263 1414 1640 1685 1850 2030 2067 2078 2295 2403 2502 2567 2635 2650 2752 2767 2784 2805 2829 2864 3068 3107 3183 3185 3248 3259 3297 3302 3311 3381 3384 3505 3541 3550
17073 282 759 1053 1264 1265 1406 1458 1640 1672 1718 1918 1972 2009 2030 2254 2359 2362 2412 2650 2678 2739 2752 2768 2783 2813 2831 3038 3219 3259 3292 3297 3381 3399 3557
17095 282 452 731 734 747 839 1263 1409 1556 1689 1984 2009 2067 2250 2254 2295 2548 2768 2785 2873 3079 3106 3147 3148 3219 3222 3259 3301 3310 3311 3546 3554 3562
17157 328 337 422 497 594 692 721 752 791 871 885 1189 1273 1418 1674 1848 1987 2538 2595 2596 2661 2694 2792 2977 3129 3134 3190 3319 3462 3518 3553
17230 342 629 674 710 725 759 813 1133 1287 1402 1505 1543 1553 1663 1708 1718 1741 1889 1921 2086 2142 2248 2322 2343 2686 2736 2780 2833 2899 2940 3079 3148 3150 3154 3248 3314 3398 3486
17245 342 629 674 725 762 779 813 839 847 998 1053 1089 1286 1297 1331 1346 1351 1402 1505 1543 1549 1621 1663 1765 1889 2247 2333 2364 2635 2636 2767 2772 2780 2865 2940 2985 2986 3079 3145 3150
17342 342 725 1089 1257 1263 1264 1265 1409 1426 1466 1523 1538 1672 1682 1685 1790 1972 2210 2368 2405 2533 2752 2780 2805 2829 2830 2938 2950 2985 2986 3068 3193 3259 3311 3497
17346 342 629 725 1053 1287 1311 1402 1511 1543 1563 1682 1689 1791 1876 2247 2360 2364 2476 2502 2650 2686 2705 2736 2752 2780 2833 2845 2938 2940 3079 3147 3149 3185 3391 3457 3505 3506
17385 342 629 725 794 1066 1090 1296 1402 1406 1458 1558 1606 1663 1689 1741 1818 1921 1942 1972 2030 2372 2635 2650 2735 2736 2780 2813 2859 2864 2866 2937 2940 2970
17518 360 460 867 1019 1029 1113 1233 1257 1682 1838 1953 2210 2252 2322 2340 2405 2412 2459 2470 2678 2755 2784 2821 2862 2863 2908 2938 3054 3068 3233 3292 3297 3381 3382 3383 3384 3402
17587 400 492 1226 1257 1264 1640 1682 1689 1790 1875 1876 1984 2210 2405 2502 2768 2785 2865 2876 3041 3068 3146 3147 3292 3297 3302 3358 3376 3382 3402 3502 3505 3507
17688 448 794 1066 1551 1640 1684 1905 1942 1972 2090 2250 2254 2358 2359 2362 2472 2567 2678 2735 2739 2755 2862 2908 3091 3107 3221 3222 3259 3292 3310 3375 3445 3457 3506 3554
17709 460 819 867 1003 1019 1234 1257 1263 1305 1409 1457 1466 1497 1633 1672 1708 1953 2030 2067 2210 2262 2295 2360 2362 2405 2548 2805 2830 2840 2950 3098 3146 3219 3292 3421 3458 3497 3505 3554
17791 526 544 724 826 927 1062 1071 1074 1226 1242 1409 1538 1596 1607 1767 1791 1853 1906 1974 1979 2057 2296 2620 2755 2840 2876 2986 3068 3185 3297 3298 3382 3402 3426 3433 3437 3447 3469 3506 3541
17827 573 1257 1264 1265 1287 1300 1426 1672 1689 1918 2011 2295 2359 2360 2368 2403 2405 2459 2548 2751 2752 2768 2815 2863 2937 3038 3154 3292 3297 3298 3301 3408 3447 3485 3502 3505 3507 3554
17860 803 931 1062 1263 1265 1293 1358 1523 1621 1682 1685 1831 1979 2057 2202 2210 2413 2463 2533 2548 2567 2611 2685 2805 2893 2928 2950 2983 2985 3078 3193 3256 3303 3497
18093 794 1066 1257 1265 1300 1406 1538 1640 1689 2009 2030 2077 2295 2359 2405 2502 2548 2567 2678 2755 2785 2863 3038 3146 3219 3292 3297 3383 3399 3408 3445 3502 3507 3551
18122 794 819 1066 1242 1406 1409 1523 1682 1850 1853 2030 2057 2250 2358 2360 2372 2405 2502 2567 2735 2802 2829 2876 2928 3302 3311 3399 3402 3447 3504 3557 3624
18166 794 1071 1257 1264 1265 1300 1406 1640 2254 2324 2359 2362 2412 2502 2650 2735 2752 2755 2785 2863 3054 3146 3222 3292 3375 3381 3383 3497 3502 3550 3551
18188 794 1071 1201 1242 1409 1500 1633 1791 1979 2030 2078 2250 2324 2358 2360 2533 2567 2650 2783 2784 2802 2829 2866 2908 2916 3038 3068 3185 3193 3297 3298 3302 3384 3402 3445 3541 3550 3551 3557
18395 1066 1265 1300 1406 1426 1640 1972 2030 2295 2324 2362 2405 2502 2650 2752 2768 2784 2805 3038 3146 3147 3219 3292 3297 3375 3381 3383 3399 3408 3485 3497 3507 3550 3551 3552 3554 3557
18449 794 1606 1703 1791 1870 1972 1979 2030 2250 2254 2324 2358 2360 2412 2459 2548 2567 2650 2735 2755 3038 3054 3147 3222 3292 3297 3381 3383 3384 3399 3445 3506 3507 3551
18457 794 1066 1264 1300 1406 1538 1606 1640 1689 2324 2344 2358 2359 2405 2412 2459 2502 2548 2650 2678 2752 2755 2805 2866 3038 3146 3292 3297 3381 3384 3399 3505 3551 3557
18569 794 1066 1264 1265 1300 1406 1426 1466 1538 1640 1689 1972 2009 2324 2359 2405 2502 2567 2650 2678 2735 2752 2755 2805 2863 3146 3222 3292 3297 3399 3505 3506 3511 3551 3557
18615 794 1066 1113 1201 1265 1305 1499 1689 1853 1949 2078 2250 2254 2358 2360 2362 2368 2403 2502 2567 2829 2863 2916 2938 3038 3183 3197 3259 3297 3381 3399 3402 3408 3458 3504 3507 3551 3554 3624
18646 794 1201 1414 1415 1499 1633 1640 1689 2030 2324 2403 2502 2567 2750 2757 2784 2863 2866 3107 3147 3215 3222 3292 3301 3310 3375 3408 3445 3457 3458 3485 3502 3504 3505 3550 3551 3624
18738 794 1264 1265 1406 1414 1538 1640 1689 1972 1979 2011 2030 2254 2295 2324 2359 2360 2405 2502 2567 2650 2678 2739 2751 2752 2755 2805 3146 3219 3292 3297 3399 3445 3485 3502 3507 3511 3551 3557
18761 794 1406 1458 1942 1972 2011 2030 2078 2250 2324 2344 2358 2359 2360 2362 2459 2650 2678 2735 2783 2866 2908 3038 3054 3147 3292 3297 3375 3381 3383 3384 3399 3402 3408 3541 3550 3551 3552 3557
18766 794 1406 1458 1640 1942 1972 2011 2030 2078 2250 2324 2358 2359 2360 2362 2502 2650 2735 2866 2916 3038 3054 3146 3292 3297 3375 3381 3383 3384 3399 3402 3408 3507 3541 3551 3554 3557
18803 794 1066 1257 1264 1265 1406 1466 1640 1972 1979 2030 2250 2324 2360 2403 2405 2412 2459 2502 2650 2678 2735 2752 2755 2784 2950 3038 3259 3292 3297 3381 3383 3384 3408 3485 3502 3507 3551 3552 3554 3557
18828 794 819 1066 1254 1265 1300 1378 1412 1606 1685 2295 2368 2430 2459 2567 2751 2752 2784 2785 2821 2829 2840 2928 3038 3039 3183 3185 3384 3551 3552
18905 1066 1264 1406 1458 1606 1689 1870 1979 2250 2324 2344 2359 2405 2412 2650 2678 2735 2755 2866 3054 3146 3222 3292 3297 3383 3384 3445 3507 3550 3551
18951 794 1066 1264 1300 1406 1426 1538 1640 1672 1689 1972 1979 2009 2324 2359 2567 2650 2751 2752 2805 2863 3146 3219 3222 3292 3297 3399 3408 3458 3485 3505 3506 3507 3551 3557
18982 1066 1265 1266 1409 1426 1538 1564 1672 1703 1791 1918 2042 2054 2134 2250 2251 2502 2785 2805 2829 3054 3068 3185 3219 3292 3302 3320 3402 3507 3557
18999 819 1062 1263 1409 1412 1426 1500 1682 1685 1689 1918 2057 2210 2252 2295 2405 2409 2430 2533 2751 2752 2821 2862 2928 3183 3193 3219 3292 3298 3301 3310 3408 3458 3485 3497 3502 3504
19000 1113 1264 1375 1445 1538 1672 1682 1685 1876 1949 2003 2009 2078 2252 2254 2430 2650 2735 2739 2805 2829 2950 3302 3376 3445 3505 3506
19002 1062 1257 1263 1375 1409 1511 1523 1538 1640 1682 1689 1790 1984 2030 2078 2210 2252 2294 2341 2368 2405 2533 2650 2751 2757 2805 2829 2862 2950 3054 3068 3147 3185 3302 3310 3376 3402 3546
19008 1062 1406 1409 1458 1466 1511 1607 1682 1853 1972 1984 2003 2057 2067 2252 2324 2344 2405 2678 2735 2768 2916 2928 2950 3037 3104 3147 3193 3219 3298 3310 3311 3375 3445 3457 3497 3541 3550 3552 3624
19015 819 1264 1375 1406 1409 1415 1426 1466 1523 1586 1587 1682 1791 1860 2009 2078 2210 2252 2254 2322 2338 2403 2405 2430 2752 2755 2805 2862 2938 2950 3068 3149 3185 3302 3311 3383 3497 3506
19039 819 1062 1066 1263 1264 1375 1406 1409 1412 1511 1556 1607 1672 1682 1790 1853 2003 2057 2067 2210 2295 2344 2360 2405 2459 2678 2755 2821 2863 2928 2938 2950 3038 3259 3298 3311 3376 3383 3541 3554 3557
19045 1257 1263 1264 1265 1414 1499 1500 1850 2252 2341 2358 2360 2368 2403 2405 2412 2502 2751 2784 2832 2862 2863 2866 3054 3183 3200 3259 3292 3301 3310 3381 3408 3447 3485 3497 3505 3507 3511
19075 819 1062 1257 1409 1458 1466 1511 1523 1606 1640 1942 2003 2011 2030 2057 2067 2210 2344 2360 2405 2650 2678 2768 2821 2950 3038 3104 3107 3219 3298 3383 3447 3457 3541 3550 3552 3554
19084 934 1019 1264 1406 1458 1606 1640 1689 1918 2011 2030 2250 2254 2360 2362 2550 2650 2657 2735 2768 3054 3219 3259 3292 3297 3301 3375 3421 3445 3505 3507 3554 3557
19092 1021 1066 1113 1254 1264 1265 1375 1409 1412 1416 1426 1511 1685 2003 2254 2294 2322 2338 2368 2372 2403 2413 2502 2515 2785 2831 2833 2840 2950 3107 3147 3259 3297 3310 3311 3376 3379 3497
19095 1066 1791 1876 1942 2009 2067 2077 2247 2250 2372 2686 2736 2753 2785 2805 2829 2831 2859 2908 2916 3054 3058 3068 3233 3296 3302 3382 3402 3457 3497 3504
19120 1062 1113 1201 1225 1263 1409 1412 1511 1523 1633 1672 1791 1853 1860 1876 1949 2210 2338 2430 2533 2650 2739 2757 2768 2785 2861 3086 3298 3302 3311 3375 3402 3445 3505
19122 1062 1406 1457 1458 1942 2011 2030 2057 2067 2344 2359 2360 2362 2405 2735 2784 2916 2950 3038 3054 3147 3183 3197 3259 3381 3383 3457 3504 3551 3552 3554 3624
19123 1062 1406 1457 1458 1466 1689 1942 2011 2030 2057 2067 2250 2344 2358 2359 2360 2362 2459 2755 2784 2832 2916 2950 3038 3054 3147 3183 3197 3259 3381 3383 3457 3504 3550 3551 3554 3624
19124 1062 1257 1406 1457 1458 1689 1942 2030 2057 2067 2250 2344 2358 2360 2362 2405 2459 2735 2755 2784 2832 2859 2950 3038 3054 3147 3183 3197 3259 3381 3382 3383 3384 3457 3504 3550 3551 3552 3554 3624
19134 1062 1076 1257 1409 1458 1497 1556 1640 1918 1972 2011 2030 2339 2459 2565 2735 2739 3038 3054 3147 3183 3185 3219 3381 3383 3384 3445 3447 3457 3552
19140 1062 1263 1409 1426 1538 1556 1640 1689 1972 2009 2057 2067 2322 2362 2405 2459 2567 2650 2735 2751 2768 2828 2915 3068 3146 3147 3183 3375 3381 3382 3383 3384 3402 3447 3507 3551 3552 3624
19147 1062 1071 1226 1242 1406 1409 1414 1458 1606 1682 1791 1853 1870 1942 1979 2003 2011 2030 2250 2254 2341 2403 2412 2459 2502 2650 2755 2802 2840 2863 2866 3038 3054 3185 3259 3302 3383 3384 3399 3507 3546
19158 1062 1257 1264 1265 1409 1426 1457 1538 1556 1672 1685 1689 1918 2030 2360 2368 2403 2405 2409 2459 2548 2650 2751 2752 2768 2785 2805 3292 3298 3311 3376 3381 3408 3447 3485 3497 3502 3504 3505 3546 3554
19176 1066 1257 1409 1640 1684 1689 1791 2009 2030 2252 2295 2360 2405 2502 2635 2678 2685 2739 2752 2802 2859 3079 3146 3219 3292 3297 3376 3382 3485 3497 3502 3551
19187 1066 1071 1076 1113 1226 1242 1414 1606 1607 1979 2067 2078 2254 2295 2358 2360 2459 2650 2784 2840 3038 3039 3054 3107 3197 3259 3292 3297 3376 3381 3384 3458 3504 3551 3624 3632
19196 1071 1113 1265 1409 1466 1949 1979 2358 2360 2362 2403 2459 2555 2678 2784 2832 2876 2916 3183 3259 3292 3297 3376 3381 3383 3384 3408 3502 3504 3507 3557 3632
19207 1113 1201 1263 1265 1409 1412 1426 1458 1538 1682 1689 1791 1949 2030 2067 2090 2250 2412 2650 2735 2739 2785 2829 2915 3068 3107 3147 3185 3302 3310 3311 3402 3445 3458 3504 3505 3506 3551
19208 1445 1672 1682 1689 1791 1949 2067 2359 2360 2459 2567 2678 2751 2755 2784 2802 2805 2938 3040 3054 3146 3149 3292 3297 3310 3375 3381 3383 3384 3445 3554 3557
19210 1113 2344 2358 2360 2403 2412 2678 2784 3107 3399 3458
19217 1201 1305 1406 1414 1458 1497 1640 2011 2358 2359 2360 2362 2502 2678 2735 2752 2768 2916 3038 3107 3146 3147 3219 3222 3297 3310 3383 3399 3458 3502 3507 3550 3551 3554 3624
19231 1257 1264 1265 1300 1426 1556 1672 1689 1918 2009 2011 2295 2359 2360 2368 2403 2405 2548 2650 2752 2768 3038 3146 3219 3292 3297 3298 3301 3381 3408 3447 3485 3497 3502 3505 3507 3554
