432 2
432 84
432 298
432 497
432 530
432 552
432 594
432 692
432 1262
432 1273
432 1296
432 1418
432 1487
432 1550
432 1697
432 1715
432 1848
432 1934
432 1987
432 2172
432 2322
432 2333
432 2381
432 2518
432 2576
432 2595
432 2596
432 2716
432 2756
432 2764
432 2830
432 2831
432 3080
432 3190
432 3314
432 3480
614 2
614 214
614 958
614 993
614 1116
614 1231
614 1232
614 1480
614 1598
614 1659
614 1867
614 1878
614 1990
614 2205
614 2213
614 2243
614 2418
614 2486
614 2552
614 2681
614 2786
614 2828
614 2901
614 2970
614 2998
614 3233
614 3323
614 3382
833 3
833 202
833 227
833 228
833 442
833 573
833 794
833 819
833 897
833 917
833 956
833 1500
833 1544
833 1545
833 1557
833 1640
833 1790
833 1918
833 2009
833 2077
833 2124
833 2352
833 2362
833 2548
833 2567
833 2757
833 2768
833 2785
833 2861
833 3219
833 3413
833 3499
833 3629
2070 8
2070 154
2070 444
2070 513
2070 537
2070 562
2070 563
2070 647
2070 668
2070 690
2070 755
2070 953
2070 1205
2070 1303
2070 1325
2070 1342
2070 1647
2070 1910
2070 1963
2070 2028
2070 2035
2070 2044
2070 2082
2070 2118
2070 2126
2070 2135
2070 2182
2070 2185
2070 2531
2070 2558
2070 2582
2070 2588
2070 2649
2070 3169
2070 3512
2070 3556
2070 3622
2606 11
2606 288
2606 431
2606 584
2606 624
2606 787
2606 999
2606 1053
2606 1287
2606 1617
2606 1849
2606 1919
2606 2142
2606 2151
2606 2190
2606 2262
2606 2298
2606 2300
2606 2482
2606 2493
2606 2506
2606 2594
2606 2686
2606 2973
2606 3032
2606 3058
2606 3189
2606 3279
2606 3314
2606 3382
2606 3579
2743 11
2743 368
2743 624
2743 787
2743 835
2743 839
2743 952
2743 1006
2743 1287
2743 1316
2743 1617
2743 1678
2743 1849
2743 1927
2743 2015
2743 2255
2743 2262
2743 2280
2743 2482
2743 2488
2743 2850
2743 2969
2743 2970
2743 2977
2743 2992
2743 3032
2743 3057
2743 3106
2743 3189
2743 3199
2743 3253
2743 3314
2743 3515
2743 3593
2743 3603
3941 14
3941 28
3941 275
3941 279
3941 785
3941 1021
3941 1071
3941 1090
3941 1409
3941 1426
3941 1457
3941 1505
3941 1538
3941 1822
3941 1857
3941 2252
3941 2322
3941 2430
3941 2506
3941 2567
3941 2650
3941 2805
3941 2813
3941 2829
3941 2843
3941 2861
3941 2985
3941 3222
3941 3384
3941 3402
3941 3506
3989 14
3989 847
3989 1066
3989 1090
3989 1265
3989 1406
3989 1538
3989 1621
3989 1646
3989 1689
3989 1814
3989 1920
3989 1979
3989 2027
3989 2104
3989 2156
3989 2322
3989 2359
3989 2650
3989 2678
3989 2751
3989 2752
3989 2755
3989 2805
3989 2983
3989 2985
3989 3297
3989 3383
3989 3445
3989 3507
3989 3557
3989 3593
3995 14
3995 70
3995 129
3995 342
3995 629
3995 725
3995 889
3995 1053
3995 1060
3995 1090
3995 1402
3995 1565
3995 1682
3995 1825
3995 1889
3995 1921
3995 2247
3995 2248
3995 2686
3995 2780
3995 2831
3995 2833
3995 2937
3995 2940
3995 3079
3995 3148
3995 3150
3995 3154
3995 3185
3995 3233
3995 3382
3995 3402
3995 3486
3995 3628
4078 14
4078 28
4078 134
4078 214
4078 785
4078 958
4078 993
4078 1055
4078 1090
4078 1116
4078 1202
4078 1232
4078 1262
4078 1376
4078 1442
4078 1491
4078 1552
4078 1642
4078 1779
4078 1878
4078 2213
4078 2279
4078 2486
4078 2815
4078 2828
4078 2830
4078 2850
4078 2859
4078 2901
4078 2929
4078 2935
4078 2970
4078 3057
4078 3064
4078 3106
4078 3246
4078 3391
4078 3395
4078 3398
4078 3419
4078 3527
4078 3547
4078 3603
4322 14
4322 17
4322 28
4322 214
4322 710
4322 759
4322 839
4322 889
4322 1053
4322 1090
4322 1128
4322 1226
4322 1287
4322 1300
4322 1346
4322 1351
4322 1549
4322 1825
4322 1850
4322 1993
4322 2248
4322 2364
4322 2502
4322 2685
4322 2736
4322 2807
4322 2829
4322 2833
4322 2845
4322 2970
4322 2985
4322 3068
4322 3117
4322 3148
4322 3150
4322 3185
4322 3301
4322 3402
4322 3593
4787 14
4787 28
4787 148
4787 192
4787 275
4787 353
4787 779
4787 785
4787 835
4787 839
4787 1021
4787 1089
4787 1090
4787 1116
4787 1232
4787 1442
4787 1453
4787 1505
4787 1621
4787 1646
4787 1663
4787 1814
4787 1857
4787 1920
4787 2213
4787 2234
4787 2322
4787 2456
4787 2504
4787 2635
4787 2665
4787 2843
4787 2844
4787 2935
4787 2956
4787 2970
4787 2983
4787 2984
4787 2985
4787 2986
4787 3527
4787 3593
4787 3603
4787 3605
4954 14
4954 25
4954 29
4954 214
4954 286
4954 759
4954 813
4954 847
4954 873
4954 889
4954 1021
4954 1090
4954 1133
4954 1297
4954 1333
4954 1598
4954 1717
4954 1920
4954 2456
4954 2504
4954 2515
4954 2736
4954 2817
4954 2833
4954 2844
4954 2901
4954 2970
4954 2986
4954 3150
4954 3172
4954 3184
4954 3323
4954 3459
4954 3527
4954 3593
4954 3603
4954 3605
5010 555
5010 557
5010 682
5010 753
5010 759
5010 813
5010 1053
5010 1116
5010 1240
5010 1287
5010 1550
5010 1553
5010 1564
5010 2142
5010 2206
5010 2248
5010 2343
5010 2378
5010 2438
5010 2520
5010 2648
5010 2686
5010 2705
5010 2792
5010 2813
5010 2833
5010 2850
5010 2881
5010 3148
5010 3150
5010 3154
5010 3185
5010 3248
5010 3338
5010 3382
5010 3398
5010 3625
5277 14
5277 123
5277 192
5277 354
5277 361
5277 525
5277 617
5277 726
5277 743
5277 1028
5277 1274
5277 1293
5277 1316
5277 1364
5277 1671
5277 1724
5277 2476
5277 2520
5277 2592
5277 2619
5277 2637
5277 2797
5277 2818
5277 3008
5277 3033
5277 3089
5277 3172
5277 3253
5277 3258
5277 3358
5277 3398
5277 3490
7105 23
7105 30
7105 275
7105 279
7105 334
7105 399
7105 489
7105 557
7105 674
7105 839
7105 862
7105 864
7105 1028
7105 1053
7105 1089
7105 1199
7105 1215
7105 1365
7105 1430
7105 1550
7105 1715
7105 1921
7105 2265
7105 2323
7105 2520
7105 2576
7105 2645
7105 2660
7105 2666
7105 2704
7105 2788
7105 2805
7105 2865
7105 2874
7105 3338
7105 3439
7105 3503
7105 3558
7105 3579
7457 31
7457 157
7457 239
7457 258
7457 275
7457 322
7457 575
7457 729
7457 785
7457 847
7457 873
7457 1021
7457 1055
7457 1090
7457 1116
7457 1202
7457 1297
7457 1376
7457 1442
7457 1503
7457 1678
7457 1700
7457 2213
7457 2322
7457 2576
7457 2639
7457 2666
7457 2685
7457 2704
7457 2736
7457 2813
7457 2815
7457 2901
7457 2929
7457 2935
7457 3126
7457 3172
7457 3184
7457 3366
7457 3527
7457 3547
7736 282
7736 1062
7736 1066
7736 1113
7736 1409
7736 1458
7736 1520
7736 1607
7736 1682
7736 1942
7736 2009
7736 2030
7736 2324
7736 2548
7736 2650
7736 2736
7736 2768
7736 2784
7736 2829
7736 2863
7736 2866
7736 2876
7736 2908
7736 3068
7736 3104
7736 3146
7736 3149
7736 3185
7736 3219
7736 3292
7736 3546
8193 28
8193 872
8193 1062
8193 1265
8193 1271
8193 1324
8193 1378
8193 1457
8193 1500
8193 1689
8193 1791
8193 1890
8193 2341
8193 2366
8193 2368
8193 2419
8193 2512
8193 2637
8193 2650
8193 2757
8193 2768
8193 2784
8193 2805
8193 2863
8193 2865
8193 2972
8193 3104
8193 3183
8193 3215
8193 3301
8193 3310
8193 3408
8193 3457
8193 3458
8193 3541
8193 3624
8212 28
8212 45
8212 80
8212 116
8212 275
8212 342
8212 399
8212 491
8212 605
8212 629
8212 674
8212 725
8212 839
8212 905
8212 912
8212 1083
8212 1116
8212 1232
8212 1346
8212 1543
8212 1558
8212 1610
8212 1646
8212 1825
8212 1920
8212 1921
8212 1930
8212 2364
8212 2576
8212 3043
8212 3106
8212 3323
8212 3527
8228 28
8228 31
8228 70
8228 275
8228 322
8228 342
8228 605
8228 629
8228 674
8228 785
8228 839
8228 873
8228 1090
8228 1116
8228 1402
8228 1543
8228 1678
8228 1701
8228 1708
8228 1818
8228 1878
8228 2247
8228 2576
8228 2736
8228 2767
8228 2772
8228 2780
8228 2843
8228 2864
8228 2901
8228 3079
8228 3126
8228 3184
8228 3593
8294 28
8294 31
8294 89
8294 176
8294 217
8294 710
8294 727
8294 759
8294 1053
8294 1089
8294 1090
8294 1287
8294 1346
8294 1553
8294 2142
8294 2151
8294 2248
8294 2343
8294 2364
8294 2648
8294 2686
8294 2705
8294 2736
8294 2763
8294 2772
8294 2813
8294 2833
8294 2985
8294 3032
8294 3148
8294 3150
8294 3151
8294 3154
8294 3248
8294 3314
8294 3338
8294 3382
8318 28
8318 794
8318 1090
8318 1257
8318 1264
8318 1300
8318 1406
8318 1458
8318 1640
8318 1689
8318 1825
8318 2359
8318 2360
8318 2362
8318 2405
8318 2735
8318 2752
8318 2755
8318 2768
8318 2784
8318 2983
8318 2985
8318 2986
8318 3146
8318 3219
8318 3222
8318 3297
8318 3375
8318 3381
8318 3419
8318 3497
8318 3502
8318 3507
8318 3550
8318 3551
8318 3552
8318 3554
8318 3557
8636 30
8636 263
8636 819
8636 1221
8636 1263
8636 1264
8636 1523
8636 1672
8636 1685
8636 1791
8636 1881
8636 1949
8636 2210
8636 2252
8636 2295
8636 2405
8636 2650
8636 2805
8636 2821
8636 2829
8636 2915
8636 2928
8636 2950
8636 3068
8636 3287
8636 3311
8636 3402
8636 3497
8636 3554
9095 31
9095 117
9095 191
9095 194
9095 206
9095 216
9095 584
9095 1042
9095 1147
9095 1240
9095 1251
9095 1283
9095 1285
9095 1296
9095 1349
9095 1496
9095 1903
9095 2102
9095 2295
9095 2325
9095 2372
9095 2469
9095 2643
9095 2813
9095 2816
9095 2843
9095 2859
9095 2864
9095 2898
9095 3076
9095 3195
9095 3341
9095 3382
9097 31
9097 79
9097 130
9097 275
9097 335
9097 358
9097 399
9097 409
9097 491
9097 557
9097 694
9097 837
9097 1264
9097 1458
9097 1550
9097 1715
9097 2237
9097 2372
9097 2412
9097 2499
9097 2584
9097 2635
9097 2666
9097 2777
9097 2813
9097 2816
9097 2864
9097 2880
9097 3054
9097 3126
9097 3195
9097 3260
9097 3374
9097 3381
9097 3382
9097 3384
9127 31
9127 49
9127 171
9127 759
9127 839
9127 1006
9127 1053
9127 1090
9127 1133
9127 1251
9127 1287
9127 1297
9127 1402
9127 1617
9127 2000
9127 2142
9127 2206
9127 2245
9127 2325
9127 2364
9127 2482
9127 2648
9127 2686
9127 2705
9127 2767
9127 2833
9127 2843
9127 2985
9127 3032
9127 3145
9127 3148
9127 3150
9127 3189
9127 3248
9182 225
9182 243
9182 392
9182 439
9182 463
9182 672
9182 762
9182 910
9182 1005
9182 1023
9182 1094
9182 1096
9182 1286
9182 1287
9182 1366
9182 1455
9182 1538
9182 1621
9182 1639
9182 1717
9182 2086
9182 2387
9182 2405
9182 2493
9182 2506
9182 2557
9182 2611
9182 2624
9182 3202
9182 3412
9182 3430
9182 3442
9182 3579
9186 31
9186 129
9186 142
9186 214
9186 275
9186 358
9186 759
9186 839
9186 847
9186 889
9186 968
9186 1090
9186 1133
9186 1232
9186 1287
9186 1331
9186 1346
9186 1366
9186 1371
9186 1717
9186 2000
9186 2364
9186 2635
9186 2736
9186 2815
9186 2845
9186 2869
9186 2901
9186 3058
9186 3079
9186 3148
9186 3150
9186 3154
9186 3248
9186 3382
9278 31
9278 116
9278 161
9278 205
9278 260
9278 536
9278 698
9278 710
9278 759
9278 839
9278 1090
9278 1133
9278 1239
9278 1287
9278 1617
9278 1717
9278 1849
9278 1902
9278 1999
9278 2000
9278 2237
9278 2343
9278 2364
9278 2506
9278 2615
9278 2736
9278 2764
9278 2833
9278 2845
9278 2985
9278 3154
9278 3189
9278 3233
9278 3323
9278 3451
9355 31
9355 819
9355 1006
9355 1053
9355 1062
9355 1071
9355 1090
9355 1240
9355 1242
9355 1251
9355 1296
9355 1849
9355 1870
9355 2030
9355 2322
9355 2325
9355 2344
9355 2506
9355 2635
9355 2650
9355 2752
9355 2776
9355 2802
9355 2840
9355 2843
9355 2859
9355 2938
9355 3032
9355 3037
9355 3189
9355 3233
9355 3292
9355 3382
9355 3541
9355 3593
9355 3632
9488 31
9488 84
9488 759
9488 839
9488 968
9488 1090
9488 1287
9488 1296
9488 1336
9488 1346
9488 1402
9488 1505
9488 1621
9488 2142
9488 2278
9488 2322
9488 2372
9488 2405
9488 2506
9488 2550
9488 2615
9488 2624
9488 2635
9488 2736
9488 2752
9488 2772
9488 2813
9488 2816
9488 2831
9488 2845
9488 2869
9488 2985
9488 3032
9488 3076
9488 3115
9488 3248
9488 3382
9488 3551
9758 31
9758 84
9758 163
9758 176
9758 759
9758 813
9758 1053
9758 1133
9758 1143
9758 1262
9758 1287
9758 1296
9758 1366
9758 1510
9758 1564
9758 1717
9758 2086
9758 2322
9758 2333
9758 2364
9758 2372
9758 2615
9758 2635
9758 2705
9758 2741
9758 2813
9758 2831
9758 2864
9758 2899
9758 2900
9758 3150
9758 3179
9758 3233
9758 3409
9946 31
9946 129
9946 735
9946 759
9946 801
9946 862
9946 1053
9946 1090
9946 1287
9946 1297
9946 1346
9946 1564
9946 1565
9946 1800
9946 2005
9946 2086
9946 2322
9946 2364
9946 2550
9946 2615
9946 2635
9946 2674
9946 2685
9946 2736
9946 2833
9946 2843
9946 2844
9946 2899
9946 2900
9946 2985
9946 3076
9946 3148
9946 3150
9946 3154
9946 3248
9946 3341
9946 3486
10055 31
10055 84
10055 119
10055 208
10055 286
10055 710
10055 968
10055 1240
10055 1296
10055 1505
10055 1510
10055 1617
10055 1822
10055 2325
10055 2372
10055 2393
10055 2519
10055 2593
10055 2611
10055 2615
10055 2782
10055 2816
10055 2820
10055 2831
10055 2864
10055 2899
10055 2966
10055 2983
10055 2985
10055 2993
10055 3076
10055 3079
10055 3151
10055 3248
10055 3279
10055 3409
10055 3486
10067 31
10067 49
10067 129
10067 759
10067 839
10067 847
10067 937
10067 1053
10067 1089
10067 1240
10067 1251
10067 1286
10067 1287
10067 1297
10067 1331
10067 1346
10067 1564
10067 1621
10067 2000
10067 2086
10067 2206
10067 2322
10067 2343
10067 2364
10067 2550
10067 2635
10067 2648
10067 2705
10067 2736
10067 2767
10067 2816
10067 2843
10067 2864
10067 2983
10067 2986
10067 3145
10067 3148
10067 3150
10067 3154
10067 3248
10067 3481
10067 3486
10247 573
10247 942
10247 1089
10247 1090
10247 1240
10247 1251
10247 1264
10247 1287
10247 1297
10247 1300
10247 1426
10247 1538
10247 1564
10247 1621
10247 1672
10247 2548
10247 2635
10247 2736
10247 2752
10247 2767
10247 2785
10247 2816
10247 2843
10247 2864
10247 2985
10247 3032
10247 3079
10247 3148
10247 3219
10247 3341
10247 3506
10247 3507
10252 31
10252 49
10252 129
10252 839
10252 847
10252 942
10252 1053
10252 1066
10252 1089
10252 1090
10252 1240
10252 1251
10252 1264
10252 1287
10252 1296
10252 1297
10252 1300
10252 1346
10252 1426
10252 1538
10252 1672
10252 2364
10252 2648
10252 2705
10252 2752
10252 2767
10252 2785
10252 2805
10252 2816
10252 2843
10252 2864
10252 2877
10252 2983
10252 3145
10252 3148
10252 3154
10252 3219
10252 3248
10252 3486
10252 3506
10252 3507
10256 31
10256 839
10256 847
10256 937
10256 942
10256 1053
10256 1066
10256 1089
10256 1240
10256 1251
10256 1287
10256 1296
10256 1297
10256 1300
10256 1409
10256 1426
10256 1564
10256 1672
10256 2000
10256 2364
10256 2504
10256 2548
10256 2635
10256 2752
10256 2767
10256 2785
10256 2816
10256 2843
10256 2864
10256 2985
10256 3079
10256 3145
10256 3148
10256 3150
10256 3154
10256 3486
10256 3501
10256 3506
10256 3507
10256 3593
10257 31
10257 835
10257 839
10257 847
10257 943
10257 1066
10257 1089
10257 1181
10257 1240
10257 1251
10257 1264
10257 1297
10257 1300
10257 1426
10257 1564
10257 1672
10257 2364
10257 2635
10257 2752
10257 2767
10257 2785
10257 2805
10257 2843
10257 2864
10257 2983
10257 2985
10257 3145
10257 3154
10257 3219
10257 3417
10257 3501
10257 3507
10314 31
10314 227
10314 228
10314 442
10314 458
10314 573
10314 759
10314 839
10314 847
10314 897
10314 942
10314 943
10314 956
10314 1089
10314 1090
10314 1240
10314 1296
10314 1297
10314 1343
10314 1346
10314 1366
10314 1545
10314 1553
10314 1557
10314 1799
10314 2124
10314 2240
10314 2364
10314 2372
10314 2550
10314 2635
10314 2636
10314 2767
10314 2813
10314 2816
10314 2831
10314 2859
10314 2864
10314 2865
10314 2912
10314 3145
10314 3233
10314 3288
10603 31
10603 84
10603 430
10603 759
10603 787
10603 968
10603 1006
10603 1053
10603 1090
10603 1251
10603 1287
10603 1564
10603 1617
10603 1849
10603 2086
10603 2142
10603 2278
10603 2322
10603 2325
10603 2372
10603 2482
10603 2550
10603 2615
10603 2635
10603 2705
10603 2772
10603 2813
10603 2816
10603 2831
10603 2843
10603 2859
10603 2864
10603 2869
10603 3007
10603 3032
10603 3076
10603 3102
10603 3189
10603 3195
10603 3279
10603 3382
10603 3451
10603 3579
11082 31
11082 430
11082 1090
11082 1240
11082 1262
11082 1296
11082 1300
11082 1409
11082 1556
11082 1672
11082 1689
11082 1972
11082 2009
11082 2359
11082 2364
11082 2515
11082 2550
11082 2635
11082 2678
11082 2735
11082 2768
11082 2772
11082 2783
11082 2816
11082 2843
11082 2844
11082 2864
11082 3007
11082 3032
11082 3079
11082 3219
11082 3248
11082 3292
11082 3381
11082 3447
11082 3451
11082 3497
11082 3557
11082 3565
11082 3593
11082 3604
11082 3605
11082 3609
11082 3615
11083 31
11083 430
11083 1090
11083 1240
11083 1296
11083 1409
11083 1556
11083 1672
11083 1972
11083 2009
11083 2011
11083 2324
11083 2359
11083 2364
11083 2550
11083 2635
11083 2678
11083 2735
11083 2783
11083 2816
11083 2843
11083 2864
11083 3007
11083 3032
11083 3037
11083 3038
11083 3219
11083 3248
11083 3381
11083 3497
11083 3557
11083 3565
11083 3593
11083 3604
11083 3605
11083 3609
11083 3613
11083 3615
11084 31
11084 430
11084 1090
11084 1262
11084 1409
11084 1556
11084 1672
11084 1689
11084 2009
11084 2011
11084 2324
11084 2359
11084 2515
11084 2550
11084 2635
11084 2735
11084 2768
11084 2772
11084 2783
11084 2816
11084 2843
11084 2844
11084 2864
11084 3007
11084 3038
11084 3219
11084 3248
11084 3292
11084 3381
11084 3497
11084 3557
11084 3565
11084 3593
11084 3604
11084 3605
11084 3609
11085 430
11085 1090
11085 1240
11085 1262
11085 1300
11085 1409
11085 1556
11085 1672
11085 1689
11085 1972
11085 2009
11085 2011
11085 2324
11085 2364
11085 2515
11085 2550
11085 2635
11085 2678
11085 2735
11085 2768
11085 2772
11085 2783
11085 2816
11085 2843
11085 2844
11085 3007
11085 3032
11085 3037
11085 3038
11085 3079
11085 3219
11085 3248
11085 3292
11085 3447
11085 3451
11085 3497
11085 3557
11085 3565
11085 3593
11085 3604
11085 3609
11085 3613
11118 31
11118 214
11118 399
11118 759
11118 813
11118 839
11118 847
11118 889
11118 1090
11118 1240
11118 1251
11118 1296
11118 1564
11118 1629
11118 1678
11118 2364
11118 2635
11118 2767
11118 2814
11118 2816
11118 2843
11118 2912
11118 2937
11118 2983
11118 2985
11118 3145
11118 3150
11118 3154
11118 3248
11118 3486
11118 3593
11461 57
11461 84
11461 129
11461 214
11461 663
11461 911
11461 1053
11461 1133
11461 1287
11461 1297
11461 1343
11461 2000
11461 2142
11461 2149
11461 2248
11461 2343
11461 2372
11461 2588
11461 2615
11461 2686
11461 2705
11461 2736
11461 2833
11461 2845
11461 3076
11461 3148
11461 3154
11461 3233
11461 3248
11461 3412
11461 3451
11461 3486
11522 31
11522 652
11522 701
11522 839
11522 872
11522 912
11522 996
11522 1053
11522 1240
11522 1251
11522 1268
11522 1296
11522 1331
11522 1445
11522 1476
11522 1496
11522 2086
11522 2364
11522 2510
11522 2550
11522 2615
11522 2635
11522 2705
11522 2767
11522 2816
11522 2844
11522 2864
11522 2876
11522 2900
11522 2903
11522 3148
11522 3248
11522 3292
11522 3338
11522 3409
11522 3481
11522 3515
11522 3516
11567 460
11567 934
11567 1240
11567 1251
11567 1264
11567 1265
11567 1406
11567 1505
11567 1510
11567 1617
11567 1640
11567 1849
11567 1953
11567 2030
11567 2254
11567 2322
11567 2359
11567 2360
11567 2412
11567 2482
11567 2650
11567 2678
11567 2739
11567 2752
11567 2843
11567 3032
11567 3038
11567 3189
11567 3219
11567 3292
11567 3297
11567 3302
11567 3381
11567 3383
11567 3399
11567 3421
11567 3551
11567 3557
11672 31
11672 307
11672 573
11672 629
11672 674
11672 725
11672 1053
11672 1089
11672 1090
11672 1113
11672 1251
11672 1287
11672 1296
11672 1558
11672 1617
11672 1672
11672 1791
11672 2247
11672 2325
11672 2506
11672 2550
11672 2635
11672 2705
11672 2736
11672 2767
11672 2780
11672 2816
11672 2864
11672 2983
11672 2985
11672 2986
11672 3107
11672 3219
11672 3292
11672 3298
11789 31
11789 49
11789 555
11789 572
11789 839
11789 942
11789 943
11789 1089
11789 1090
11789 1240
11789 1251
11789 1296
11789 1297
11789 1336
11789 1339
11789 1343
11789 1346
11789 1366
11789 1445
11789 1621
11789 1707
11789 2021
11789 2463
11789 2520
11789 2615
11789 2624
11789 2635
11789 2767
11789 2772
11789 2816
11789 2843
11789 2864
11789 2869
11789 2983
11789 2985
11789 2986
11789 3145
11789 3195
11789 3248
11789 3417
11789 3501
12400 41
12400 353
12400 583
12400 629
12400 674
12400 725
12400 794
12400 1062
12400 1066
12400 1264
12400 1265
12400 1300
12400 1412
12400 1426
12400 1538
12400 1684
12400 1890
12400 1921
12400 2405
12400 2650
12400 2752
12400 2755
12400 2785
12400 2805
12400 2848
12400 2938
12400 3146
12400 3184
12400 3185
12400 3219
12400 3381
12400 3507
12695 45
12695 57
12695 81
12695 82
12695 134
12695 208
12695 239
12695 724
12695 1088
12695 1148
12695 1262
12695 1275
12695 1331
12695 2023
12695 2103
12695 2161
12695 2184
12695 2438
12695 2457
12695 2512
12695 2670
12695 2830
12695 2902
12695 2988
12695 3076
12695 3158
12695 3164
12695 3166
12695 3167
12695 3186
12695 3194
12695 3206
12695 3252
12695 3387
12695 3398
12695 3451
12889 49
12889 347
12889 376
12889 492
12889 605
12889 632
12889 785
12889 845
12889 894
12889 937
12889 1336
12889 1341
12889 1342
12889 1344
12889 1387
12889 1621
12889 1715
12889 1976
12889 2325
12889 2576
12889 2624
12889 2666
12889 2704
12889 2893
12889 2935
12889 2985
12889 2986
12889 2994
12889 3145
12889 3341
12889 3395
12889 3422
12889 3430
12889 3593
12956 49
12956 629
12956 725
12956 745
12956 839
12956 847
12956 848
12956 1089
12956 1090
12956 1297
12956 1343
12956 1346
12956 1402
12956 1505
12956 1621
12956 1629
12956 1883
12956 1920
12956 2039
12956 2147
12956 2163
12956 2400
12956 2624
12956 2636
12956 2700
12956 2734
12956 2813
12956 2843
12956 2864
12956 2940
12956 2956
12956 2983
12956 2985
12956 3079
12956 3097
12956 3145
12956 3148
12956 3154
12956 3248
13040 49
13040 84
13040 288
13040 391
13040 419
13040 477
13040 759
13040 787
13040 940
13040 1283
13040 1287
13040 1297
13040 1330
13040 1346
13040 1617
13040 1646
13040 1729
13040 1765
13040 1927
13040 1948
13040 1998
13040 2142
13040 2343
13040 2408
13040 2476
13040 2488
13040 2490
13040 2493
13040 2585
13040 2615
13040 2686
13040 2736
13040 2833
13040 2985
13040 3150
13040 3154
13040 3162
13040 3172
13040 3251
13040 3314
13040 3430
13275 49
13275 129
13275 218
13275 256
13275 289
13275 347
13275 362
13275 385
13275 464
13275 499
13275 626
13275 710
13275 1252
13275 1346
13275 1528
13275 1564
13275 1565
13275 1682
13275 1719
13275 1748
13275 1765
13275 2248
13275 2343
13275 2611
13275 2636
13275 2994
13275 3030
13275 3148
13275 3154
13275 3369
13275 3486
13300 49
13300 384
13300 507
13300 794
13300 819
13300 947
13300 1406
13300 1466
13300 1606
13300 1640
13300 1682
13300 1834
13300 1972
13300 2009
13300 2161
13300 2276
13300 2650
13300 2678
13300 2685
13300 2735
13300 2736
13300 2755
13300 2833
13300 2844
13300 2863
13300 2876
13300 2937
13300 2938
13300 3091
13300 3146
13300 3382
13300 3395
13300 3398
13300 3408
13300 3508
14110 70
14110 208
14110 265
14110 524
14110 629
14110 674
14110 708
14110 725
14110 1089
14110 1090
14110 1527
14110 1602
14110 1621
14110 1741
14110 1920
14110 1921
14110 1987
14110 2157
14110 2177
14110 2206
14110 2325
14110 2432
14110 2780
14110 2830
14110 2857
14110 2940
14110 2956
14110 2983
14110 2985
14110 2986
14110 3480
14110 3582
14110 3628
14110 3633
14222 70
14222 84
14222 89
14222 176
14222 342
14222 725
14222 759
14222 773
14222 911
14222 934
14222 968
14222 1053
14222 1062
14222 1265
14222 1287
14222 1402
14222 1409
14222 1708
14222 1921
14222 2247
14222 2278
14222 2550
14222 2705
14222 2722
14222 2752
14222 2780
14222 2805
14222 2927
14222 3219
14222 3279
14222 3451
14222 3604
14222 3615
14227 165
14227 224
14227 299
14227 342
14227 629
14227 725
14227 862
14227 1015
14227 1052
14227 1089
14227 1090
14227 1145
14227 1149
14227 1240
14227 1515
14227 1708
14227 1712
14227 2008
14227 2202
14227 2212
14227 2247
14227 2322
14227 2435
14227 2780
14227 2843
14227 2865
14227 2904
14227 2905
14227 2940
14227 3032
14227 3123
14227 3248
14227 3328
14291 70
14291 342
14291 379
14291 629
14291 674
14291 725
14291 759
14291 1053
14291 1062
14291 1066
14291 1090
14291 1098
14291 1287
14291 1402
14291 1505
14291 1708
14291 1741
14291 1818
14291 1825
14291 1889
14291 1921
14291 2086
14291 2142
14291 2247
14291 2736
14291 2780
14291 2876
14291 2940
14291 3054
14291 3150
14291 3248
14291 3297
14291 3382
14291 3627
14291 3628
14335 77
14335 186
14335 211
14335 257
14335 336
14335 388
14335 598
14335 698
14335 1068
14335 1391
14335 1492
14335 1599
14335 1613
14335 1778
14335 1927
14335 2212
14335 2425
14335 2435
14335 2472
14335 2520
14335 2661
14335 2697
14335 2805
14335 2813
14335 2859
14335 3256
14335 3264
14335 3416
14335 3516
14335 3580
14417 77
14417 123
14417 152
14417 179
14417 208
14417 237
14417 254
14417 463
14417 555
14417 749
14417 758
14417 1004
14417 1317
14417 1444
14417 1459
14417 1787
14417 1857
14417 2059
14417 2592
14417 2661
14417 2792
14417 2833
14417 2893
14417 2957
14417 2972
14417 3091
14417 3124
14417 3185
14417 3258
14417 3303
14417 3629
14417 3633
14478 77
14478 1257
14478 1264
14478 1378
14478 1412
14478 1457
14478 1538
14478 1556
14478 1578
14478 1672
14478 1689
14478 1853
14478 2002
14478 2009
14478 2057
14478 2252
14478 2295
14478 2322
14478 2324
14478 2362
14478 2368
14478 2403
14478 2502
14478 2548
14478 2716
14478 2752
14478 2764
14478 2783
14478 2863
14478 2908
14478 3068
14478 3146
14478 3183
14478 3219
14478 3310
14478 3311
14478 3402
14478 3485
14478 3497
14478 3502
14478 3505
14776 84
14776 139
14776 227
14776 228
14776 442
14776 758
14776 759
14776 897
14776 956
14776 968
14776 1006
14776 1090
14776 1287
14776 1296
14776 1366
14776 1553
14776 1557
14776 1617
14776 1639
14776 1717
14776 1822
14776 2086
14776 2240
14776 2278
14776 2322
14776 2333
14776 2506
14776 2550
14776 2615
14776 2657
14776 2772
14776 2816
14776 2845
14776 2864
14776 3032
14776 3102
14776 3189
14776 3409
14776 3451
14948 84
14948 129
14948 813
14948 905
14948 1066
14948 1133
14948 1287
14948 1441
14948 1458
14948 1466
14948 1510
14948 1511
14948 1689
14948 1717
14948 1745
14948 1842
14948 2000
14948 2023
14948 2030
14948 2086
14948 2142
14948 2343
14948 2550
14948 2615
14948 2648
14948 2705
14948 2767
14948 2899
14948 2911
14948 2927
14948 2994
14948 3195
14948 3281
14948 3521
15007 84
15007 163
15007 759
15007 1053
15007 1062
15007 1066
15007 1133
15007 1203
15007 1300
15007 1409
15007 1510
15007 1538
15007 1564
15007 1640
15007 1672
15007 1682
15007 1685
15007 1717
15007 1790
15007 2009
15007 2278
15007 2322
15007 2325
15007 2393
15007 2403
15007 2548
15007 2550
15007 2648
15007 2650
15007 2752
15007 2772
15007 2805
15007 2862
15007 2908
15007 3197
15007 3310
15007 3397
15007 3458
15007 3507
15007 3624
15020 84
15020 384
15020 530
15020 794
15020 1053
15020 1201
15020 1263
15020 1305
15020 1312
15020 1416
15020 1426
15020 1497
15020 1640
15020 2030
15020 2067
15020 2210
15020 2361
15020 2362
15020 2413
15020 2531
15020 2567
15020 2739
15020 2768
15020 2829
15020 2840
15020 3068
15020 3104
15020 3146
15020 3147
15020 3185
15020 3279
15020 3302
15020 3384
15020 3402
15020 3445
15020 3546
15020 3551
15020 3554
15020 3557
15022 84
15022 629
15022 674
15022 725
15022 759
15022 762
15022 813
15022 943
15022 998
15022 1053
15022 1090
15022 1133
15022 1139
15022 1143
15022 1283
15022 1287
15022 1331
15022 1402
15022 1543
15022 1553
15022 1578
15022 1717
15022 1718
15022 1825
15022 1889
15022 1921
15022 1941
15022 2086
15022 2248
15022 2493
15022 2550
15022 2686
15022 2736
15022 2772
15022 2780
15022 2833
15022 2940
15022 2985
15022 2986
15022 3150
15022 3181
15022 3314
15022 3382
15074 84
15074 119
15074 161
15074 206
15074 384
15074 460
15074 867
15074 933
15074 1019
15074 1090
15074 1133
15074 1147
15074 1312
15074 1528
15074 1564
15074 1708
15074 1723
15074 1822
15074 1968
15074 2259
15074 2267
15074 2278
15074 2322
15074 2325
15074 2393
15074 2550
15074 2722
15074 2753
15074 2966
15074 3409
15074 3421
15253 176
15253 265
15253 342
15253 629
15253 725
15253 759
15253 813
15253 1090
15253 1139
15253 1331
15253 1366
15253 1402
15253 1527
15253 1543
15253 1553
15253 1639
15253 1648
15253 1708
15253 1717
15253 1718
15253 1866
15253 1889
15253 1921
15253 2247
15253 2278
15253 2322
15253 2364
15253 2550
15253 2615
15253 2635
15253 2780
15253 2790
15253 2833
15253 2909
15253 2940
15253 2947
15253 3150
15253 3393
15253 3451
15253 3628
15410 89
15410 596
15410 1076
15410 1231
15410 1242
15410 1364
15410 1379
15410 1414
15410 1415
15410 1416
15410 1466
15410 1682
15410 1867
15410 1972
15410 2243
15410 2324
15410 2401
15410 2410
15410 2681
15410 2705
15410 2908
15410 2938
15410 2950
15410 3081
15410 3092
15410 3107
15410 3286
15410 3297
15410 3376
15410 3417
15410 3453
15410 3551
15410 3624
15486 100
15486 164
15486 175
15486 532
15486 583
15486 794
15486 1262
15486 1499
15486 1530
15486 1564
15486 1633
15486 2090
15486 2247
15486 2274
15486 2322
15486 2650
15486 2678
15486 2686
15486 2735
15486 2736
15486 2752
15486 2848
15486 2858
15486 2866
15486 2938
15486 3058
15486 3219
15486 3302
15486 3322
15486 3383
15486 3391
15486 3399
15486 3445
15486 3451
15486 3505
15497 101
15497 619
15497 1062
15497 1089
15497 1426
15497 1607
15497 1684
15497 1769
15497 1791
15497 1870
15497 1979
15497 2003
15497 2338
15497 2736
15497 2752
15497 2755
15497 2802
15497 2805
15497 2828
15497 2840
15497 2864
15497 2908
15497 2983
15497 2985
15497 3105
15497 3259
15497 3303
15497 3341
15497 3376
15497 3399
15497 3506
15497 3511
15595 155
15595 175
15595 191
15595 205
15595 206
15595 366
15595 467
15595 698
15595 731
15595 734
15595 867
15595 1004
15595 1216
15595 1217
15595 1354
15595 1515
15595 1821
15595 1835
15595 2149
15595 2282
15595 2300
15595 2372
15595 2469
15595 2746
15595 2800
15595 2859
15595 3227
15595 3257
15595 3258
15712 121
15712 123
15712 201
15712 279
15712 382
15712 652
15712 682
15712 683
15712 758
15712 808
15712 876
15712 936
15712 1090
15712 1317
15712 1621
15712 1888
15712 1927
15712 1930
15712 2002
15712 2102
15712 2234
15712 2275
15712 2348
15712 2488
15712 2510
15712 2511
15712 2818
15712 2883
15712 2907
15712 2935
15712 2985
15712 3227
15712 3248
15712 3386
15729 123
15729 179
15729 208
15729 340
15729 525
15729 586
15729 733
15729 743
15729 751
15729 1293
15729 1690
15729 1890
15729 1902
15729 2028
15729 2056
15729 2103
15729 2251
15729 2366
15729 2372
15729 2520
15729 2619
15729 2661
15729 2708
15729 2956
15729 2972
15729 2992
15729 3258
15729 3358
15729 3490
15729 3516
15729 3620
15876 129
15876 342
15876 354
15876 384
15876 629
15876 674
15876 710
15876 725
15876 759
15876 813
15876 875
15876 1053
15876 1133
15876 1287
15876 1331
15876 1346
15876 1528
15876 1549
15876 1708
15876 1765
15876 1890
15876 1921
15876 2086
15876 2247
15876 2322
15876 2343
15876 2520
15876 2550
15876 2636
15876 2736
15876 2767
15876 2780
15876 2792
15876 2813
15876 3148
15876 3150
15876 3154
15876 3258
15876 3441
15876 3486
16234 148
16234 218
16234 342
16234 626
16234 629
16234 650
16234 674
16234 725
16234 1098
16234 1453
16234 1543
16234 1814
16234 1921
16234 2104
16234 2129
16234 2206
16234 2234
16234 2247
16234 2372
16234 2485
16234 2618
16234 2705
16234 2780
16234 2831
16234 2913
16234 2940
16234 2956
16234 2985
16234 2994
16234 3006
16234 3043
16234 3079
16234 3124
16234 3150
16234 3419
16234 3486
16234 3562
16234 3593
16253 148
16253 152
16253 208
16253 710
16253 819
16253 839
16253 862
16253 943
16253 1071
16253 1089
16253 1297
16253 1318
16253 1336
16253 1354
16253 1459
16253 1546
16253 1621
16253 1682
16253 1920
16253 2234
16253 2403
16253 2520
16253 2840
16253 2862
16253 2983
16253 2986
16253 3145
16253 3148
16253 3149
16253 3150
16253 3151
16253 3154
16253 3457
16253 3486
16253 3505
16253 3507
16361 173
16361 179
16361 258
16361 292
16361 319
16361 724
16361 743
16361 882
16361 910
16361 996
16361 1252
16361 1470
16361 1482
16361 1526
16361 1550
16361 1611
16361 2392
16361 2526
16361 2535
16361 2721
16361 2753
16361 2831
16361 2865
16361 2956
16361 3084
16361 3358
16361 3374
16361 3495
16361 3516
16361 3633
16411 176
16411 297
16411 298
16411 433
16411 497
16411 680
16411 708
16411 788
16411 789
16411 790
16411 845
16411 1257
16411 1405
16411 1416
16411 1500
16411 1523
16411 1538
16411 1556
16411 1672
16411 1791
16411 1972
16411 2057
16411 2150
16411 2324
16411 2694
16411 2768
16411 2805
16411 2829
16411 2832
16411 2863
16411 3068
16411 3107
16411 3302
16411 3310
16411 3393
16411 3447
16411 3480
16411 3497
16411 3553
16464 388
16464 572
16464 1264
16464 1265
16464 1406
16464 1445
16464 1551
16464 1640
16464 1689
16464 1707
16464 1744
16464 1846
16464 1866
16464 2030
16464 2254
16464 2359
16464 2360
16464 2412
16464 2624
16464 2650
16464 2678
16464 2739
16464 2751
16464 2752
16464 2768
16464 2783
16464 2985
16464 3181
16464 3219
16464 3292
16464 3297
16464 3302
16464 3303
16464 3381
16464 3417
16464 3505
16464 3551
16478 191
16478 1264
16478 1265
16478 1406
16478 1466
16478 1538
16478 1672
16478 1921
16478 1979
16478 2324
16478 2359
16478 2567
16478 2650
16478 2678
16478 2735
16478 2751
16478 2752
16478 2755
16478 2805
16478 3146
16478 3219
16478 3222
16478 3292
16478 3297
16478 3399
16478 3485
16478 3502
16478 3505
16478 3551
16478 3557
16513 419
16513 1064
16513 1242
16513 1617
16513 1703
16513 1729
16513 1979
16513 2078
16513 2250
16513 2254
16513 2360
16513 2372
16513 2387
16513 2686
16513 2831
16513 2859
16513 2865
16513 2866
16513 2916
16513 3040
16513 3197
16513 3292
16513 3297
16513 3302
16513 3382
16513 3384
16513 3504
16513 3550
16513 3554
16513 3632
16518 201
16518 420
16518 524
16518 1257
16518 1264
16518 1265
16518 1300
16518 1409
16518 1426
16518 1556
16518 1672
16518 1687
16518 1689
16518 1918
16518 2009
16518 2295
16518 2359
16518 2368
16518 2405
16518 2459
16518 2548
16518 2626
16518 2650
16518 2751
16518 2752
16518 2768
16518 3146
16518 3219
16518 3292
16518 3298
16518 3301
16518 3381
16518 3447
16518 3485
16518 3505
16570 206
16570 342
16570 460
16570 629
16570 674
16570 725
16570 934
16570 1019
16570 1062
16570 1089
16570 1090
16570 1233
16570 1251
16570 1312
16570 1402
16570 1523
16570 1543
16570 1723
16570 1889
16570 1921
16570 1953
16570 2000
16570 2247
16570 2278
16570 2322
16570 2341
16570 2635
16570 2780
16570 2843
16570 2864
16570 2940
16570 2966
16570 2983
16570 2985
16570 2986
16570 3107
16570 3147
16570 3193
16570 3259
16570 3421
16621 208
16621 1257
16621 1264
16621 1265
16621 1300
16621 1409
16621 1556
16621 1678
16621 1689
16621 1918
16621 2009
16621 2011
16621 2015
16621 2295
16621 2359
16621 2360
16621 2368
16621 2403
16621 2405
16621 2548
16621 2650
16621 2721
16621 2752
16621 2768
16621 2815
16621 2863
16621 2937
16621 3146
16621 3297
16621 3298
16621 3408
16621 3447
16621 3485
16621 3497
16621 3505
16621 3507
16621 3554
16636 208
16636 1062
16636 1257
16636 1378
16636 1406
16636 1414
16636 1458
16636 1689
16636 2011
16636 2030
16636 2067
16636 2252
16636 2295
16636 2360
16636 2362
16636 2405
16636 2502
16636 2678
16636 2741
16636 2752
16636 2784
16636 2866
16636 3107
16636 3197
16636 3259
16636 3297
16636 3310
16636 3382
16636 3383
16636 3399
16636 3458
16636 3485
16636 3507
16636 3551
16636 3624
16722 214
16722 492
16722 790
16722 937
16722 958
16722 990
16722 1264
16722 1265
16722 1344
16722 1371
16722 1406
16722 1458
16722 1640
16722 1672
16722 1689
16722 1918
16722 1972
16722 2009
16722 2030
16722 2359
16722 2360
16722 2362
16722 2412
16722 2650
16722 2739
16722 2752
16722 2768
16722 2783
16722 2813
16722 2983
16722 2985
16722 3038
16722 3219
16722 3259
16722 3292
16722 3297
16722 3302
16722 3303
16722 3381
16722 3383
16722 3445
16722 3557
16727 282
16727 819
16727 862
16727 1113
16727 1133
16727 1409
16727 1497
16727 1791
16727 2000
16727 2078
16727 2086
16727 2252
16727 2333
16727 2341
16727 2359
16727 2360
16727 2502
16727 2705
16727 2862
16727 2916
16727 2928
16727 3054
16727 3191
16727 3402
16727 3447
16727 3546
16727 3550
16727 3557
16824 225
16824 794
16824 921
16824 1062
16824 1090
16824 1113
16824 1211
16824 1300
16824 1312
16824 1402
16824 1505
16824 1617
16824 1682
16824 1707
16824 1790
16824 1850
16824 1949
16824 1984
16824 2322
16824 2340
16824 2393
16824 2405
16824 2482
16824 2722
16824 2750
16824 2752
16824 2757
16824 2784
16824 2813
16824 2843
16824 2859
16824 2950
16824 3147
16824 3269
16824 3302
16824 3314
16824 3358
16824 3379
16824 3408
16824 3434
16824 3504
16824 3505
16838 229
16838 794
16838 819
16838 1066
16838 1262
16838 1263
16838 1264
16838 1265
16838 1300
16838 1412
16838 1538
16838 1682
16838 1876
16838 2046
16838 2048
16838 2322
16838 2344
16838 2359
16838 2401
16838 2403
16838 2650
16838 2678
16838 2755
16838 2783
16838 2813
16838 2938
16838 3068
16838 3079
16838 3146
16838 3185
16838 3292
16838 3302
16838 3311
16838 3399
16838 3402
16838 3408
16838 3507
16999 275
16999 1062
16999 1257
16999 1263
16999 1414
16999 1640
16999 1685
16999 1850
16999 2030
16999 2067
16999 2078
16999 2295
16999 2403
16999 2502
16999 2567
16999 2635
16999 2650
16999 2752
16999 2767
16999 2784
16999 2805
16999 2829
16999 2864
16999 3068
16999 3107
16999 3183
16999 3185
16999 3248
16999 3259
16999 3297
16999 3302
16999 3311
16999 3381
16999 3384
16999 3505
16999 3541
16999 3550
17073 282
17073 759
17073 1053
17073 1264
17073 1265
17073 1406
17073 1458
17073 1640
17073 1672
17073 1718
17073 1918
17073 1972
17073 2009
17073 2030
17073 2254
17073 2359
17073 2362
17073 2412
17073 2650
17073 2678
17073 2739
17073 2752
17073 2768
17073 2783
17073 2813
17073 2831
17073 3038
17073 3219
17073 3259
17073 3292
17073 3297
17073 3381
17073 3399
17073 3557
17095 282
17095 452
17095 731
17095 734
17095 747
17095 839
17095 1263
17095 1409
17095 1556
17095 1689
17095 1984
17095 2009
17095 2067
17095 2250
17095 2254
17095 2295
17095 2548
17095 2768
17095 2785
17095 2873
17095 3079
17095 3106
17095 3147
17095 3148
17095 3219
17095 3222
17095 3259
17095 3301
17095 3310
17095 3311
17095 3546
17095 3554
17095 3562
17157 328
17157 337
17157 422
17157 497
17157 594
17157 692
17157 721
17157 752
17157 791
17157 871
17157 885
17157 1189
17157 1273
17157 1418
17157 1674
17157 1848
17157 1987
17157 2538
17157 2595
17157 2596
17157 2661
17157 2694
17157 2792
17157 2977
17157 3129
17157 3134
17157 3190
17157 3319
17157 3462
17157 3518
17157 3553
17230 342
17230 629
17230 674
17230 710
17230 725
17230 759
17230 813
17230 1133
17230 1287
17230 1402
17230 1505
17230 1543
17230 1553
17230 1663
17230 1708
17230 1718
17230 1741
17230 1889
17230 1921
17230 2086
17230 2142
17230 2248
17230 2322
17230 2343
17230 2686
17230 2736
17230 2780
17230 2833
17230 2899
17230 2940
17230 3079
17230 3148
17230 3150
17230 3154
17230 3248
17230 3314
17230 3398
17230 3486
17245 342
17245 629
17245 674
17245 725
17245 762
17245 779
17245 813
17245 839
17245 847
17245 998
17245 1053
17245 1089
17245 1286
17245 1297
17245 1331
17245 1346
17245 1351
17245 1402
17245 1505
17245 1543
17245 1549
17245 1621
17245 1663
17245 1765
17245 1889
17245 2247
17245 2333
17245 2364
17245 2635
17245 2636
17245 2767
17245 2772
17245 2780
17245 2865
17245 2940
17245 2985
17245 2986
17245 3079
17245 3145
17245 3150
17342 342
17342 725
17342 1089
17342 1257
17342 1263
17342 1264
17342 1265
17342 1409
17342 1426
17342 1466
17342 1523
17342 1538
17342 1672
17342 1682
17342 1685
17342 1790
17342 1972
17342 2210
17342 2368
17342 2405
17342 2533
17342 2752
17342 2780
17342 2805
17342 2829
17342 2830
17342 2938
17342 2950
17342 2985
17342 2986
17342 3068
17342 3193
17342 3259
17342 3311
17342 3497
17346 342
17346 629
17346 725
17346 1053
17346 1287
17346 1311
17346 1402
17346 1511
17346 1543
17346 1563
17346 1682
17346 1689
17346 1791
17346 1876
17346 2247
17346 2360
17346 2364
17346 2476
17346 2502
17346 2650
17346 2686
17346 2705
17346 2736
17346 2752
17346 2780
17346 2833
17346 2845
17346 2938
17346 2940
17346 3079
17346 3147
17346 3149
17346 3185
17346 3391
17346 3457
17346 3505
17346 3506
17385 342
17385 629
17385 725
17385 794
17385 1066
17385 1090
17385 1296
17385 1402
17385 1406
17385 1458
17385 1558
17385 1606
17385 1663
17385 1689
17385 1741
17385 1818
17385 1921
17385 1942
17385 1972
17385 2030
17385 2372
17385 2635
17385 2650
17385 2735
17385 2736
17385 2780
17385 2813
17385 2859
17385 2864
17385 2866
17385 2937
17385 2940
17385 2970
17518 360
17518 460
17518 867
17518 1019
17518 1029
17518 1113
17518 1233
17518 1257
17518 1682
17518 1838
17518 1953
17518 2210
17518 2252
17518 2322
17518 2340
17518 2405
17518 2412
17518 2459
17518 2470
17518 2678
17518 2755
17518 2784
17518 2821
17518 2862
17518 2863
17518 2908
17518 2938
17518 3054
17518 3068
17518 3233
17518 3292
17518 3297
17518 3381
17518 3382
17518 3383
17518 3384
17518 3402
17587 400
17587 492
17587 1226
17587 1257
17587 1264
17587 1640
17587 1682
17587 1689
17587 1790
17587 1875
17587 1876
17587 1984
17587 2210
17587 2405
17587 2502
17587 2768
17587 2785
17587 2865
17587 2876
17587 3041
17587 3068
17587 3146
17587 3147
17587 3292
17587 3297
17587 3302
17587 3358
17587 3376
17587 3382
17587 3402
17587 3502
17587 3505
17587 3507
17688 448
17688 794
17688 1066
17688 1551
17688 1640
17688 1684
17688 1905
17688 1942
17688 1972
17688 2090
17688 2250
17688 2254
17688 2358
17688 2359
17688 2362
17688 2472
17688 2567
17688 2678
17688 2735
17688 2739
17688 2755
17688 2862
17688 2908
17688 3091
17688 3107
17688 3221
17688 3222
17688 3259
17688 3292
17688 3310
17688 3375
17688 3445
17688 3457
17688 3506
17688 3554
17709 460
17709 819
17709 867
17709 1003
17709 1019
17709 1234
17709 1257
17709 1263
17709 1305
17709 1409
17709 1457
17709 1466
17709 1497
17709 1633
17709 1672
17709 1708
17709 1953
17709 2030
17709 2067
17709 2210
17709 2262
17709 2295
17709 2360
17709 2362
17709 2405
17709 2548
17709 2805
17709 2830
17709 2840
17709 2950
17709 3098
17709 3146
17709 3219
17709 3292
17709 3421
17709 3458
17709 3497
17709 3505
17709 3554
17791 526
17791 544
17791 724
17791 826
17791 927
17791 1062
17791 1071
17791 1074
17791 1226
17791 1242
17791 1409
17791 1538
17791 1596
17791 1607
17791 1767
17791 1791
17791 1853
17791 1906
17791 1974
17791 1979
17791 2057
17791 2296
17791 2620
17791 2755
17791 2840
17791 2876
17791 2986
17791 3068
17791 3185
17791 3297
17791 3298
17791 3382
17791 3402
17791 3426
17791 3433
17791 3437
17791 3447
17791 3469
17791 3506
17791 3541
17827 573
17827 1257
17827 1264
17827 1265
17827 1287
17827 1300
17827 1426
17827 1672
17827 1689
17827 1918
17827 2011
17827 2295
17827 2359
17827 2360
17827 2368
17827 2403
17827 2405
17827 2459
17827 2548
17827 2751
17827 2752
17827 2768
17827 2815
17827 2863
17827 2937
17827 3038
17827 3154
17827 3292
17827 3297
17827 3298
17827 3301
17827 3408
17827 3447
17827 3485
17827 3502
17827 3505
17827 3507
17827 3554
17860 803
17860 931
17860 1062
17860 1263
17860 1265
17860 1293
17860 1358
17860 1523
17860 1621
17860 1682
17860 1685
17860 1831
17860 1979
17860 2057
17860 2202
17860 2210
17860 2413
17860 2463
17860 2533
17860 2548
17860 2567
17860 2611
17860 2685
17860 2805
17860 2893
17860 2928
17860 2950
17860 2983
17860 2985
17860 3078
17860 3193
17860 3256
17860 3303
17860 3497
18093 794
18093 1066
18093 1257
18093 1265
18093 1300
18093 1406
18093 1538
18093 1640
18093 1689
18093 2009
18093 2030
18093 2077
18093 2295
18093 2359
18093 2405
18093 2502
18093 2548
18093 2567
18093 2678
18093 2755
18093 2785
18093 2863
18093 3038
18093 3146
18093 3219
18093 3292
18093 3297
18093 3383
18093 3399
18093 3408
18093 3445
18093 3502
18093 3507
18093 3551
18122 794
18122 819
18122 1066
18122 1242
18122 1406
18122 1409
18122 1523
18122 1682
18122 1850
18122 1853
18122 2030
18122 2057
18122 2250
18122 2358
18122 2360
18122 2372
18122 2405
18122 2502
18122 2567
18122 2735
18122 2802
18122 2829
18122 2876
18122 2928
18122 3302
18122 3311
18122 3399
18122 3402
18122 3447
18122 3504
18122 3557
18122 3624
18166 794
18166 1071
18166 1257
18166 1264
18166 1265
18166 1300
18166 1406
18166 1640
18166 2254
18166 2324
18166 2359
18166 2362
18166 2412
18166 2502
18166 2650
18166 2735
18166 2752
18166 2755
18166 2785
18166 2863
18166 3054
18166 3146
18166 3222
18166 3292
18166 3375
18166 3381
18166 3383
18166 3497
18166 3502
18166 3550
18166 3551
18188 794
18188 1071
18188 1201
18188 1242
18188 1409
18188 1500
18188 1633
18188 1791
18188 1979
18188 2030
18188 2078
18188 2250
18188 2324
18188 2358
18188 2360
18188 2533
18188 2567
18188 2650
18188 2783
18188 2784
18188 2802
18188 2829
18188 2866
18188 2908
18188 2916
18188 3038
18188 3068
18188 3185
18188 3193
18188 3297
18188 3298
18188 3302
18188 3384
18188 3402
18188 3445
18188 3541
18188 3550
18188 3551
18188 3557
18395 1066
18395 1265
18395 1300
18395 1406
18395 1426
18395 1640
18395 1972
18395 2030
18395 2295
18395 2324
18395 2362
18395 2405
18395 2502
18395 2650
18395 2752
18395 2768
18395 2784
18395 2805
18395 3038
18395 3146
18395 3147
18395 3219
18395 3292
18395 3297
18395 3375
18395 3381
18395 3383
18395 3399
18395 3408
18395 3485
18395 3497
18395 3507
18395 3550
18395 3551
18395 3552
18395 3554
18395 3557
18449 794
18449 1606
18449 1703
18449 1791
18449 1870
18449 1972
18449 1979
18449 2030
18449 2250
18449 2254
18449 2324
18449 2358
18449 2360
18449 2412
18449 2459
18449 2548
18449 2567
18449 2650
18449 2735
18449 2755
18449 3038
18449 3054
18449 3147
18449 3222
18449 3292
18449 3297
18449 3381
18449 3383
18449 3384
18449 3399
18449 3445
18449 3506
18449 3507
18449 3551
18457 794
18457 1066
18457 1264
18457 1300
18457 1406
18457 1538
18457 1606
18457 1640
18457 1689
18457 2324
18457 2344
18457 2358
18457 2359
18457 2405
18457 2412
18457 2459
18457 2502
18457 2548
18457 2650
18457 2678
18457 2752
18457 2755
18457 2805
18457 2866
18457 3038
18457 3146
18457 3292
18457 3297
18457 3381
18457 3384
18457 3399
18457 3505
18457 3551
18457 3557
18569 794
18569 1066
18569 1264
18569 1265
18569 1300
18569 1406
18569 1426
18569 1466
18569 1538
18569 1640
18569 1689
18569 1972
18569 2009
18569 2324
18569 2359
18569 2405
18569 2502
18569 2567
18569 2650
18569 2678
18569 2735
18569 2752
18569 2755
18569 2805
18569 2863
18569 3146
18569 3222
18569 3292
18569 3297
18569 3399
18569 3505
18569 3506
18569 3511
18569 3551
18569 3557
18615 794
18615 1066
18615 1113
18615 1201
18615 1265
18615 1305
18615 1499
18615 1689
18615 1853
18615 1949
18615 2078
18615 2250
18615 2254
18615 2358
18615 2360
18615 2362
18615 2368
18615 2403
18615 2502
18615 2567
18615 2829
18615 2863
18615 2916
18615 2938
18615 3038
18615 3183
18615 3197
18615 3259
18615 3297
18615 3381
18615 3399
18615 3402
18615 3408
18615 3458
18615 3504
18615 3507
18615 3551
18615 3554
18615 3624
18646 794
18646 1201
18646 1414
18646 1415
18646 1499
18646 1633
18646 1640
18646 1689
18646 2030
18646 2324
18646 2403
18646 2502
18646 2567
18646 2750
18646 2757
18646 2784
18646 2863
18646 2866
18646 3107
18646 3147
18646 3215
18646 3222
18646 3292
18646 3301
18646 3310
18646 3375
18646 3408
18646 3445
18646 3457
18646 3458
18646 3485
18646 3502
18646 3504
18646 3505
18646 3550
18646 3551
18646 3624
18738 794
18738 1264
18738 1265
18738 1406
18738 1414
18738 1538
18738 1640
18738 1689
18738 1972
18738 1979
18738 2011
18738 2030
18738 2254
18738 2295
18738 2324
18738 2359
18738 2360
18738 2405
18738 2502
18738 2567
18738 2650
18738 2678
18738 2739
18738 2751
18738 2752
18738 2755
18738 2805
18738 3146
18738 3219
18738 3292
18738 3297
18738 3399
18738 3445
18738 3485
18738 3502
18738 3507
18738 3511
18738 3551
18738 3557
18761 794
18761 1406
18761 1458
18761 1942
18761 1972
18761 2011
18761 2030
18761 2078
18761 2250
18761 2324
18761 2344
18761 2358
18761 2359
18761 2360
18761 2362
18761 2459
18761 2650
18761 2678
18761 2735
18761 2783
18761 2866
18761 2908
18761 3038
18761 3054
18761 3147
18761 3292
18761 3297
18761 3375
18761 3381
18761 3383
18761 3384
18761 3399
18761 3402
18761 3408
18761 3541
18761 3550
18761 3551
18761 3552
18761 3557
18766 794
18766 1406
18766 1458
18766 1640
18766 1942
18766 1972
18766 2011
18766 2030
18766 2078
18766 2250
18766 2324
18766 2358
18766 2359
18766 2360
18766 2362
18766 2502
18766 2650
18766 2735
18766 2866
18766 2916
18766 3038
18766 3054
18766 3146
18766 3292
18766 3297
18766 3375
18766 3381
18766 3383
18766 3384
18766 3399
18766 3402
18766 3408
18766 3507
18766 3541
18766 3551
18766 3554
18766 3557
18803 794
18803 1066
18803 1257
18803 1264
18803 1265
18803 1406
18803 1466
18803 1640
18803 1972
18803 1979
18803 2030
18803 2250
18803 2324
18803 2360
18803 2403
18803 2405
18803 2412
18803 2459
18803 2502
18803 2650
18803 2678
18803 2735
18803 2752
18803 2755
18803 2784
18803 2950
18803 3038
18803 3259
18803 3292
18803 3297
18803 3381
18803 3383
18803 3384
18803 3408
18803 3485
18803 3502
18803 3507
18803 3551
18803 3552
18803 3554
18803 3557
18828 794
18828 819
18828 1066
18828 1254
18828 1265
18828 1300
18828 1378
18828 1412
18828 1606
18828 1685
18828 2295
18828 2368
18828 2430
18828 2459
18828 2567
18828 2751
18828 2752
18828 2784
18828 2785
18828 2821
18828 2829
18828 2840
18828 2928
18828 3038
18828 3039
18828 3183
18828 3185
18828 3384
18828 3551
18828 3552
18905 1066
18905 1264
18905 1406
18905 1458
18905 1606
18905 1689
18905 1870
18905 1979
18905 2250
18905 2324
18905 2344
18905 2359
18905 2405
18905 2412
18905 2650
18905 2678
18905 2735
18905 2755
18905 2866
18905 3054
18905 3146
18905 3222
18905 3292
18905 3297
18905 3383
18905 3384
18905 3445
18905 3507
18905 3550
18905 3551
18951 794
18951 1066
18951 1264
18951 1300
18951 1406
18951 1426
18951 1538
18951 1640
18951 1672
18951 1689
18951 1972
18951 1979
18951 2009
18951 2324
18951 2359
18951 2567
18951 2650
18951 2751
18951 2752
18951 2805
18951 2863
18951 3146
18951 3219
18951 3222
18951 3292
18951 3297
18951 3399
18951 3408
18951 3458
18951 3485
18951 3505
18951 3506
18951 3507
18951 3551
18951 3557
18982 1066
18982 1265
18982 1266
18982 1409
18982 1426
18982 1538
18982 1564
18982 1672
18982 1703
18982 1791
18982 1918
18982 2042
18982 2054
18982 2134
18982 2250
18982 2251
18982 2502
18982 2785
18982 2805
18982 2829
18982 3054
18982 3068
18982 3185
18982 3219
18982 3292
18982 3302
18982 3320
18982 3402
18982 3507
18982 3557
18999 819
18999 1062
18999 1263
18999 1409
18999 1412
18999 1426
18999 1500
18999 1682
18999 1685
18999 1689
18999 1918
18999 2057
18999 2210
18999 2252
18999 2295
18999 2405
18999 2409
18999 2430
18999 2533
18999 2751
18999 2752
18999 2821
18999 2862
18999 2928
18999 3183
18999 3193
18999 3219
18999 3292
18999 3298
18999 3301
18999 3310
18999 3408
18999 3458
18999 3485
18999 3497
18999 3502
18999 3504
19000 1113
19000 1264
19000 1375
19000 1445
19000 1538
19000 1672
19000 1682
19000 1685
19000 1876
19000 1949
19000 2003
19000 2009
19000 2078
19000 2252
19000 2254
19000 2430
19000 2650
19000 2735
19000 2739
19000 2805
19000 2829
19000 2950
19000 3302
19000 3376
19000 3445
19000 3505
19000 3506
19002 1062
19002 1257
19002 1263
19002 1375
19002 1409
19002 1511
19002 1523
19002 1538
19002 1640
19002 1682
19002 1689
19002 1790
19002 1984
19002 2030
19002 2078
19002 2210
19002 2252
19002 2294
19002 2341
19002 2368
19002 2405
19002 2533
19002 2650
19002 2751
19002 2757
19002 2805
19002 2829
19002 2862
19002 2950
19002 3054
19002 3068
19002 3147
19002 3185
19002 3302
19002 3310
19002 3376
19002 3402
19002 3546
19008 1062
19008 1406
19008 1409
19008 1458
19008 1466
19008 1511
19008 1607
19008 1682
19008 1853
19008 1972
19008 1984
19008 2003
19008 2057
19008 2067
19008 2252
19008 2324
19008 2344
19008 2405
19008 2678
19008 2735
19008 2768
19008 2916
19008 2928
19008 2950
19008 3037
19008 3104
19008 3147
19008 3193
19008 3219
19008 3298
19008 3310
19008 3311
19008 3375
19008 3445
19008 3457
19008 3497
19008 3541
19008 3550
19008 3552
19008 3624
19015 819
19015 1264
19015 1375
19015 1406
19015 1409
19015 1415
19015 1426
19015 1466
19015 1523
19015 1586
19015 1587
19015 1682
19015 1791
19015 1860
19015 2009
19015 2078
19015 2210
19015 2252
19015 2254
19015 2322
19015 2338
19015 2403
19015 2405
19015 2430
19015 2752
19015 2755
19015 2805
19015 2862
19015 2938
19015 2950
19015 3068
19015 3149
19015 3185
19015 3302
19015 3311
19015 3383
19015 3497
19015 3506
19039 819
19039 1062
19039 1066
19039 1263
19039 1264
19039 1375
19039 1406
19039 1409
19039 1412
19039 1511
19039 1556
19039 1607
19039 1672
19039 1682
19039 1790
19039 1853
19039 2003
19039 2057
19039 2067
19039 2210
19039 2295
19039 2344
19039 2360
19039 2405
19039 2459
19039 2678
19039 2755
19039 2821
19039 2863
19039 2928
19039 2938
19039 2950
19039 3038
19039 3259
19039 3298
19039 3311
19039 3376
19039 3383
19039 3541
19039 3554
19039 3557
19045 1257
19045 1263
19045 1264
19045 1265
19045 1414
19045 1499
19045 1500
19045 1850
19045 2252
19045 2341
19045 2358
19045 2360
19045 2368
19045 2403
19045 2405
19045 2412
19045 2502
19045 2751
19045 2784
19045 2832
19045 2862
19045 2863
19045 2866
19045 3054
19045 3183
19045 3200
19045 3259
19045 3292
19045 3301
19045 3310
19045 3381
19045 3408
19045 3447
19045 3485
19045 3497
19045 3505
19045 3507
19045 3511
19075 819
19075 1062
19075 1257
19075 1409
19075 1458
19075 1466
19075 1511
19075 1523
19075 1606
19075 1640
19075 1942
19075 2003
19075 2011
19075 2030
19075 2057
19075 2067
19075 2210
19075 2344
19075 2360
19075 2405
19075 2650
19075 2678
19075 2768
19075 2821
19075 2950
19075 3038
19075 3104
19075 3107
19075 3219
19075 3298
19075 3383
19075 3447
19075 3457
19075 3541
19075 3550
19075 3552
19075 3554
19084 934
19084 1019
19084 1264
19084 1406
19084 1458
19084 1606
19084 1640
19084 1689
19084 1918
19084 2011
19084 2030
19084 2250
19084 2254
19084 2360
19084 2362
19084 2550
19084 2650
19084 2657
19084 2735
19084 2768
19084 3054
19084 3219
19084 3259
19084 3292
19084 3297
19084 3301
19084 3375
19084 3421
19084 3445
19084 3505
19084 3507
19084 3554
19084 3557
19092 1021
19092 1066
19092 1113
19092 1254
19092 1264
19092 1265
19092 1375
19092 1409
19092 1412
19092 1416
19092 1426
19092 1511
19092 1685
19092 2003
19092 2254
19092 2294
19092 2322
19092 2338
19092 2368
19092 2372
19092 2403
19092 2413
19092 2502
19092 2515
19092 2785
19092 2831
19092 2833
19092 2840
19092 2950
19092 3107
19092 3147
19092 3259
19092 3297
19092 3310
19092 3311
19092 3376
19092 3379
19092 3497
19095 1066
19095 1791
19095 1876
19095 1942
19095 2009
19095 2067
19095 2077
19095 2247
19095 2250
19095 2372
19095 2686
19095 2736
19095 2753
19095 2785
19095 2805
19095 2829
19095 2831
19095 2859
19095 2908
19095 2916
19095 3054
19095 3058
19095 3068
19095 3233
19095 3296
19095 3302
19095 3382
19095 3402
19095 3457
19095 3497
19095 3504
19120 1062
19120 1113
19120 1201
19120 1225
19120 1263
19120 1409
19120 1412
19120 1511
19120 1523
19120 1633
19120 1672
19120 1791
19120 1853
19120 1860
19120 1876
19120 1949
19120 2210
19120 2338
19120 2430
19120 2533
19120 2650
19120 2739
19120 2757
19120 2768
19120 2785
19120 2861
19120 3086
19120 3298
19120 3302
19120 3311
19120 3375
19120 3402
19120 3445
19120 3505
19122 1062
19122 1406
19122 1457
19122 1458
19122 1942
19122 2011
19122 2030
19122 2057
19122 2067
19122 2344
19122 2359
19122 2360
19122 2362
19122 2405
19122 2735
19122 2784
19122 2916
19122 2950
19122 3038
19122 3054
19122 3147
19122 3183
19122 3197
19122 3259
19122 3381
19122 3383
19122 3457
19122 3504
19122 3551
19122 3552
19122 3554
19122 3624
19123 1062
19123 1406
19123 1457
19123 1458
19123 1466
19123 1689
19123 1942
19123 2011
19123 2030
19123 2057
19123 2067
19123 2250
19123 2344
19123 2358
19123 2359
19123 2360
19123 2362
19123 2459
19123 2755
19123 2784
19123 2832
19123 2916
19123 2950
19123 3038
19123 3054
19123 3147
19123 3183
19123 3197
19123 3259
19123 3381
19123 3383
19123 3457
19123 3504
19123 3550
19123 3551
19123 3554
19123 3624
19124 1062
19124 1257
19124 1406
19124 1457
19124 1458
19124 1689
19124 1942
19124 2030
19124 2057
19124 2067
19124 2250
19124 2344
19124 2358
19124 2360
19124 2362
19124 2405
19124 2459
19124 2735
19124 2755
19124 2784
19124 2832
19124 2859
19124 2950
19124 3038
19124 3054
19124 3147
19124 3183
19124 3197
19124 3259
19124 3381
19124 3382
19124 3383
19124 3384
19124 3457
19124 3504
19124 3550
19124 3551
19124 3552
19124 3554
19124 3624
19134 1062
19134 1076
19134 1257
19134 1409
19134 1458
19134 1497
19134 1556
19134 1640
19134 1918
19134 1972
19134 2011
19134 2030
19134 2339
19134 2459
19134 2565
19134 2735
19134 2739
19134 3038
19134 3054
19134 3147
19134 3183
19134 3185
19134 3219
19134 3381
19134 3383
19134 3384
19134 3445
19134 3447
19134 3457
19134 3552
19140 1062
19140 1263
19140 1409
19140 1426
19140 1538
19140 1556
19140 1640
19140 1689
19140 1972
19140 2009
19140 2057
19140 2067
19140 2322
19140 2362
19140 2405
19140 2459
19140 2567
19140 2650
19140 2735
19140 2751
19140 2768
19140 2828
19140 2915
19140 3068
19140 3146
19140 3147
19140 3183
19140 3375
19140 3381
19140 3382
19140 3383
19140 3384
19140 3402
19140 3447
19140 3507
19140 3551
19140 3552
19140 3624
19147 1062
19147 1071
19147 1226
19147 1242
19147 1406
19147 1409
19147 1414
19147 1458
19147 1606
19147 1682
19147 1791
19147 1853
19147 1870
19147 1942
19147 1979
19147 2003
19147 2011
19147 2030
19147 2250
19147 2254
19147 2341
19147 2403
19147 2412
19147 2459
19147 2502
19147 2650
19147 2755
19147 2802
19147 2840
19147 2863
19147 2866
19147 3038
19147 3054
19147 3185
19147 3259
19147 3302
19147 3383
19147 3384
19147 3399
19147 3507
19147 3546
19158 1062
19158 1257
19158 1264
19158 1265
19158 1409
19158 1426
19158 1457
19158 1538
19158 1556
19158 1672
19158 1685
19158 1689
19158 1918
19158 2030
19158 2360
19158 2368
19158 2403
19158 2405
19158 2409
19158 2459
19158 2548
19158 2650
19158 2751
19158 2752
19158 2768
19158 2785
19158 2805
19158 3292
19158 3298
19158 3311
19158 3376
19158 3381
19158 3408
19158 3447
19158 3485
19158 3497
19158 3502
19158 3504
19158 3505
19158 3546
19158 3554
19176 1066
19176 1257
19176 1409
19176 1640
19176 1684
19176 1689
19176 1791
19176 2009
19176 2030
19176 2252
19176 2295
19176 2360
19176 2405
19176 2502
19176 2635
19176 2678
19176 2685
19176 2739
19176 2752
19176 2802
19176 2859
19176 3079
19176 3146
19176 3219
19176 3292
19176 3297
19176 3376
19176 3382
19176 3485
19176 3497
19176 3502
19176 3551
19187 1066
19187 1071
19187 1076
19187 1113
19187 1226
19187 1242
19187 1414
19187 1606
19187 1607
19187 1979
19187 2067
19187 2078
19187 2254
19187 2295
19187 2358
19187 2360
19187 2459
19187 2650
19187 2784
19187 2840
19187 3038
19187 3039
19187 3054
19187 3107
19187 3197
19187 3259
19187 3292
19187 3297
19187 3376
19187 3381
19187 3384
19187 3458
19187 3504
19187 3551
19187 3624
19187 3632
19196 1071
19196 1113
19196 1265
19196 1409
19196 1466
19196 1949
19196 1979
19196 2358
19196 2360
19196 2362
19196 2403
19196 2459
19196 2555
19196 2678
19196 2784
19196 2832
19196 2876
19196 2916
19196 3183
19196 3259
19196 3292
19196 3297
19196 3376
19196 3381
19196 3383
19196 3384
19196 3408
19196 3502
19196 3504
19196 3507
19196 3557
19196 3632
19207 1113
19207 1201
19207 1263
19207 1265
19207 1409
19207 1412
19207 1426
19207 1458
19207 1538
19207 1682
19207 1689
19207 1791
19207 1949
19207 2030
19207 2067
19207 2090
19207 2250
19207 2412
19207 2650
19207 2735
19207 2739
19207 2785
19207 2829
19207 2915
19207 3068
19207 3107
19207 3147
19207 3185
19207 3302
19207 3310
19207 3311
19207 3402
19207 3445
19207 3458
19207 3504
19207 3505
19207 3506
19207 3551
19208 1445
19208 1672
19208 1682
19208 1689
19208 1791
19208 1949
19208 2067
19208 2359
19208 2360
19208 2459
19208 2567
19208 2678
19208 2751
19208 2755
19208 2784
19208 2802
19208 2805
19208 2938
19208 3040
19208 3054
19208 3146
19208 3149
19208 3292
19208 3297
19208 3310
19208 3375
19208 3381
19208 3383
19208 3384
19208 3445
19208 3554
19208 3557
19210 1113
19210 2344
19210 2358
19210 2360
19210 2403
19210 2412
19210 2678
19210 2784
19210 3107
19210 3399
19210 3458
19217 1201
19217 1305
19217 1406
19217 1414
19217 1458
19217 1497
19217 1640
19217 2011
19217 2358
19217 2359
19217 2360
19217 2362
19217 2502
19217 2678
19217 2735
19217 2752
19217 2768
19217 2916
19217 3038
19217 3107
19217 3146
19217 3147
19217 3219
19217 3222
19217 3297
19217 3310
19217 3383
19217 3399
19217 3458
19217 3502
19217 3507
19217 3550
19217 3551
19217 3554
19217 3624
19231 1257
19231 1264
19231 1265
19231 1300
19231 1426
19231 1556
19231 1672
19231 1689
19231 1918
19231 2009
19231 2011
19231 2295
19231 2359
19231 2360
19231 2368
19231 2403
19231 2405
19231 2548
19231 2650
19231 2752
19231 2768
19231 3038
19231 3146
19231 3219
19231 3292
19231 3297
19231 3298
19231 3301
19231 3381
19231 3408
19231 3447
19231 3485
19231 3497
19231 3502
19231 3505
19231 3507
19231 3554
