16333 2849
16333 2031
16333 1067
16333 2651
16333 795
16333 1641
16333 820
16333 3223
16333 1407
16333 584
16333 2939
16333 3558
16333 1531
16333 2010
16333 3400
16333 1738
16333 1973
16333 2938
16333 2736
16333 1357
16333 165
16333 1690
16333 3508
16333 2679
16333 302
19281 3555
19281 2406
19281 3299
19281 1415
19281 2068
19281 2769
19281 3298
19281 3108
19281 2753
19281 3039
19281 3552
19281 1459
19281 3625
19281 3311
19281 2460
19281 3551
19281 3508
19281 3260
19281 1407
19281 3147
19281 3220
19281 1266
19281 3459
19281 3505
19281 1265
19281 2867
8698 356
8698 2806
8698 2830
8698 1919
8698 3453
8698 760
8698 85
8698 2104
8698 264
8698 2551
8698 3147
8698 3303
8698 1222
8698 999
8698 2325
8698 2004
8698 1690
8698 1791
8698 31
8698 1054
8698 3298
8698 1524
8698 2769
8698 2785
8698 3288
8698 1673
19289 3552
19289 2769
19289 2058
19289 2361
19289 3312
19289 2503
19289 1459
19289 3486
19289 3625
19289 2806
19289 3508
19289 3147
19289 3260
19289 1407
19289 3459
19289 3220
19289 1690
19289 1266
19289 3555
19289 2406
19289 3299
19289 1415
19289 3108
19289 2363
19289 1379
19289 2068
19289 3503
19289 2753
9230 1091
9230 1618
9230 2938
9230 2551
9230 32
9230 1718
9230 1850
9230 2845
9230 3580
9230 1288
9230 971
9230 3190
9230 2507
9230 969
9230 2143
9230 2817
9230 177
9230 2483
9230 2326
9230 3196
9230 2001
9230 3452
9230 2846
9230 1252
19220 2068
19220 2031
19220 2736
19220 2251
19220 2679
19220 3555
19220 1498
19220 3293
19220 2651
19220 2255
19220 2360
19220 1407
19220 3403
19220 2753
19220 2361
19220 1792
19220 3384
19220 1641
19220 1202
19220 3303
9471 1344
9471 1352
9471 1297
9471 2737
9471 2507
9471 1347
9471 1252
9471 2773
9471 3383
9471 1337
9471 2001
9471 2860
9471 1288
9471 3155
9471 2643
9471 2817
9471 1367
9471 2832
9471 2865
9471 32
9471 2846
9471 2814
9471 50
9471 2768
9471 2636
18438 3552
18438 2785
18438 1301
18438 1641
18438 2769
18438 3558
18438 2753
18438 3551
18438 3147
18438 795
18438 1407
18438 3503
18438 3400
18438 2325
18438 1690
18438 3293
18438 3223
18438 3384
18438 2756
18438 2363
18438 3376
18438 1265
18438 3220
18438 2360
18438 3555
18438 2679
18438 2406
18438 2361
18438 2031
19026 2753
19026 3507
19026 2939
19026 2012
19026 3186
19026 3069
19026 2325
19026 1539
19026 1258
19026 3403
19026 1854
19026 1792
19026 820
19026 3500
19026 1459
19026 1683
19026 3150
19026 1410
19026 2830
19026 2736
19026 2031
19026 1077
5332 3629
5332 2832
5332 2941
5332 3234
5332 1922
5332 2577
5332 861
5332 3383
5332 15
5332 1566
5332 675
5332 1403
5332 1388
5332 1544
5332 630
5332 2781
5332 343
5332 2494
5332 2860
5332 1709
5332 2814
5332 1065
5332 1787
5332 726
5332 1516
5332 1159
5332 400
5332 2373
19224 1446
19224 3376
19224 3384
19224 3508
19224 2679
19224 2251
19224 1851
19224 2756
19224 3503
19224 3486
19224 3558
19224 3223
19224 3409
19224 3293
19224 2404
19224 1459
19224 3505
19224 1258
19224 1690
19224 2917
19224 3506
19224 3551
19224 2360
19154 2251
19154 2078
19154 3458
19154 1673
19154 1067
19154 2830
19154 2917
19154 3303
19154 2806
19154 2909
19154 2068
19154 3403
19154 1539
19154 3055
19154 2010
19154 1792
19154 2549
19154 3069
19154 1265
19154 1063
19154 3220
19154 1410
19154 2786
19154 1877
19154 3498
9266 90
9266 969
9266 2279
9266 2323
9266 1252
9266 2344
9266 2334
9266 958
9266 2616
9266 3103
9266 2326
9266 2817
9266 1297
9266 2865
9266 2768
9266 32
9266 2699
9266 3249
9266 3580
9266 2551
14723 3116
14723 85
14723 2621
14723 760
14723 1297
14723 3103
14723 814
14723 1134
14723 2087
14723 2901
14723 1252
14723 1718
14723 2706
14723 2334
14723 2865
14723 888
14723 1565
14723 2486
14723 163
14723 2551
14723 2279
9764 1299
9764 215
9764 2687
9764 3151
9764 1091
9764 1054
9764 1372
9764 131
9764 1403
9764 1233
9764 3155
9764 2365
9764 2706
9764 2737
9764 2248
9764 32
9764 3249
9764 2614
9764 475
9764 1288
9764 50
9764 2986
9764 2143
9764 2506
9764 840
9764 2577
9764 1344
9764 2717
15200 969
15200 2821
15200 85
15200 3580
15200 2334
15200 760
15200 3103
15200 1332
15200 1918
15200 1054
15200 1287
15200 2087
15200 1252
15200 2279
15200 2636
15200 1297
15200 2551
15200 2900
15200 2865
15200 3482
15200 2001
139 2902
139 1702
139 215
139 1332
139 3301
139 177
139 3287
139 1868
139 1232
139 2244
139 2519
139 85
139 1660
139 2737
139 3219
139 760
139 2938
139 2411
139 357
139 2682
139 1956
139 1134
139 2087
139 143
139 3
139 1991
16717 2865
16717 2360
16717 848
16717 840
16717 2971
16717 2010
16717 2753
16717 3147
16717 2087
16717 2636
16717 3249
16717 2651
16717 2870
16717 2551
16717 2986
16717 1301
16717 1091
16717 215
16717 2984
16717 1332
16717 3220
16717 1539
16717 3103
16717 795
16717 1641
16717 1367
16717 2679
16717 1297
16717 431
13196 3155
13196 2814
13196 50
13196 3487
13196 3149
13196 1683
13196 2249
13196 2373
13196 1221
13196 460
13196 3151
13196 130
13196 734
13196 674
13196 3249
13196 3152
13196 2860
13196 2365
13196 1554
13196 1091
13196 711
13196 1298
13196 2986
13196 3146
13196 3383
13196 348
13196 760
16399 2941
16399 1091
16399 177
16399 675
16399 215
16399 3151
16399 726
16399 1922
16399 760
16399 1054
16399 1134
16399 2258
16399 1544
16399 1288
16399 630
16399 2649
16399 2781
16399 1826
16399 343
16399 2737
15707 1511
15707 2323
15707 3422
15707 1969
15707 2268
15707 2967
15707 162
15707 2551
15707 868
15707 1148
15707 1473
15707 1954
15707 3410
15707 2520
15707 935
15707 1724
15707 120
15707 259
15707 461
15707 1234
15707 1020
19317 2079
19317 2784
19317 3108
19317 1415
19317 2862
19317 3558
19317 1524
19317 2777
19317 2822
19317 3551
19317 2503
19317 1607
19317 2651
19317 1980
19317 1792
19317 3298
19317 3385
19317 3633
19317 2058
19317 2345
19317 2756
19317 2785
19317 3506
19317 3148
19317 2460
18988 1673
18988 1063
18988 2549
18988 1427
18988 2806
18988 3508
18988 3293
18988 3558
18988 795
18988 3220
18988 2503
18988 1067
18988 1266
18988 2010
18988 1919
18988 2752
18988 1539
18988 1301
18988 2786
18988 2753
18988 3298
17924 3215
17924 3249
17924 1258
17924 2369
17924 690
17924 2171
17924 2105
17924 3558
17924 1631
17924 2404
17924 2099
17924 2004
17924 1575
17924 2157
17924 3403
17924 2092
17924 2373
17924 2101
17924 3198
17924 2159
17924 2160
19284 2503
19284 3108
19284 2753
19284 3147
19284 1407
19284 2769
19284 3459
19284 3552
19284 2359
19284 2406
19284 3260
19284 3508
19284 3625
19284 2361
19284 3555
19284 3400
19284 3486
19284 1459
19284 2068
19284 2806
19284 1266
14991 2031
14991 820
14991 2323
14991 3626
14991 2974
14991 2058
14991 814
14991 2551
14991 760
14991 85
14991 2845
14991 2087
14991 3108
14991 1512
14991 2753
14991 2068
14991 1216
14991 1690
14991 1685
14991 140
14991 3383
14991 2900
14991 1641
14991 1297
14991 2817
14991 3452
14991 2686
14991 1415
14991 3385
19307 3409
19307 2360
19307 3055
19307 3385
19307 3039
19307 2756
19307 3400
19307 2651
19307 2460
19307 3551
19307 3384
19307 3508
19307 3376
19307 2867
19307 3558
19307 1407
19307 2917
19307 3542
19307 3552
19307 1459
19307 2679
19307 2325
19307 2251
19307 2736
19307 3148
19307 3446
19307 2031
19307 2361
11079 2865
11079 1356
11079 2849
11079 760
11079 1332
11079 969
11079 2817
11079 3249
11079 1622
11079 1252
11079 302
11079 2636
11079 1297
11079 2984
11079 3011
11079 1091
11079 584
11079 3482
11079 1288
11079 32
11079 2870
11079 2334
11079 431
11079 2986
11079 2001
11079 101
19089 3551
19089 2068
19089 3147
19089 1415
19089 3108
19089 1407
19089 2361
19089 1459
19089 3555
19089 3400
19089 999
19089 2406
19089 3260
19089 3298
19089 3508
19089 2753
19089 2179
19089 3552
19089 3459
19089 2363
16922 2741
16922 1338
16922 449
16922 259
16922 1842
16922 3517
16922 742
16922 355
16922 618
16922 1312
16922 2367
16922 3119
16922 2831
16922 3388
16922 1552
16922 453
16922 840
16922 1988
16922 367
16922 2801
16922 3379
16922 752
19234 3448
19234 2325
19234 2679
19234 2784
19234 2769
19234 3038
19234 1690
19234 2012
19234 3039
19234 1410
19234 3055
19234 3220
19234 2345
19234 3558
19234 2010
19234 3376
19234 1258
19234 1557
19234 3498
19234 1301
19305 3458
19305 2568
19305 3148
19305 3551
19305 2784
19305 2753
19305 3403
19305 3558
19305 3108
19305 2503
19305 2736
19305 2068
19305 2031
19305 3400
19305 3625
19305 3298
19305 3260
19305 1641
19305 2345
19305 1415
19305 1943
19305 1407
19305 1539
19305 2251
19305 2012
19305 3459
19305 2917
19305 1459
19049 3069
19049 1264
19049 3403
19049 820
19049 3542
19049 2031
19049 2406
19049 1539
19049 2909
19049 1686
19049 1446
19049 3507
19049 2939
19049 3150
19049 3312
19049 2651
19049 2830
19049 3498
19049 1792
19049 3303
19049 1683
19049 3186
19049 3311
15368 2976
15368 1355
15368 1091
15368 2984
15368 2457
15368 686
15368 364
15368 2357
15368 2516
15368 1622
15368 2986
15368 2987
15368 3483
15368 2806
15368 2666
15368 717
15368 492
15368 1294
15368 90
15368 700
15368 3594
15368 883
16876 240
16876 2473
16876 3442
16876 2622
16876 2527
16876 3085
16876 2003
16876 468
16876 609
16876 911
16876 2593
16876 725
16876 1471
16876 750
16876 2470
16876 259
16876 1882
16876 2814
16876 1783
16876 3329
16876 1527
12762 262
12762 1124
12762 130
12762 3131
12762 348
12762 3347
12762 249
12762 813
12762 432
12762 1588
12762 1683
12762 3461
12762 3151
12762 2367
12762 290
12762 2938
12762 2612
12762 500
12762 1263
12762 1347
12762 1565
12762 3031
12762 135
12762 1352
12762 48
12762 256
12762 3370
17554 1467
17554 2967
17554 2806
17554 2323
17554 2753
17554 2551
17554 1234
17554 461
17554 1148
17554 1673
17554 2706
17554 760
17554 3422
17554 868
17554 2612
17554 2087
17554 385
17554 935
17554 2365
17554 1539
17554 1973
17554 1511
17554 1954
17554 1020
17554 1347
17626 2865
17626 1091
17626 3606
17626 2817
17626 3614
17626 3566
17626 2636
17626 2892
17626 2768
17626 431
17626 2551
17626 840
17626 3594
17626 3610
17626 1297
17626 3616
17626 437
17626 879
17626 574
17626 3196
17626 1923
17626 3452
17626 2816
17626 3342
12588 3458
12588 1512
12588 2651
12588 3376
12588 3542
12588 3385
12588 3377
12588 2785
12588 2736
12588 2909
12588 2058
12588 2753
12588 46
12588 2877
12588 2004
12588 1417
12588 1467
12588 1980
12588 2251
12588 2325
12588 3505
12588 1063
12588 2929
12588 1072
12588 2814
12588 2031
12588 1685
12588 3055
19235 3503
19235 1258
19235 2752
19235 3299
19235 1410
19235 1690
19235 3293
19235 3409
19235 2406
19235 3506
19235 2549
19235 1265
19235 3448
19235 3220
19235 3498
19235 3508
19235 1557
19235 1673
19235 1427
19235 2753
19117 3069
19117 2568
19117 2830
19117 1379
19117 2251
19117 2363
19117 2736
19117 1063
19117 3303
19117 3148
19117 3508
19117 3105
19117 1641
19117 3403
19117 3186
19117 2753
19117 1690
19117 2841
19117 2833
19117 3409
19117 1258
5527 2844
5527 3482
5527 2737
5527 2087
5527 32
5527 1298
5527 3244
5527 1252
5527 2994
5527 18
5527 2344
5527 2687
5527 215
5527 50
5527 3077
5527 2616
5527 1054
5527 85
5527 1297
5527 1288
19145 3148
19145 2753
19145 2786
19145 3147
19145 3403
19145 2413
19145 3303
19145 2004
19145 2830
19145 3186
19145 1641
19145 3380
19145 1413
19145 1226
19145 2736
19145 1427
19145 1792
19145 1258
19145 1459
19145 1063
19145 3069
19145 1690
19145 3555
19145 2841
19145 2431
19179 2651
19179 2756
19179 2806
19179 2503
19179 3147
19179 3508
19179 1539
19179 3558
19179 2404
19179 1266
19179 3553
19179 2753
19179 1301
19179 2679
19179 2406
19179 2786
19179 3293
19179 3506
19179 1265
19179 1067
19285 2740
19285 2752
19285 1266
19285 3506
19285 2917
19285 2255
19285 3558
19285 2862
19285 2651
19285 2068
19285 1458
19285 2369
19285 1791
19285 2363
19285 3459
19285 3633
19285 2866
19285 3260
19285 3446
19285 1524
19285 2679
19285 3383
19285 3234
17454 1741
17454 2373
17454 2323
17454 1823
17454 343
17454 1506
17454 2487
17454 1134
17454 1755
17454 2814
17454 868
17454 760
17454 1718
17454 2781
17454 1091
17454 3525
17454 2936
17454 3324
17454 809
17454 3383
17454 1922
17454 2860
17454 1709
17454 3422
17454 675
17454 2737
15842 2706
15842 1054
15842 1709
15842 2753
15842 130
15842 2860
15842 3339
15842 3249
15842 760
15842 1673
15842 2834
15842 2737
15842 3151
15842 2549
15842 2344
15842 2832
15842 2248
15842 2373
15842 2687
15842 2249
18169 3503
18169 1407
18169 2679
18169 2753
18169 2361
18169 2864
18169 2769
18169 1690
18169 1265
18169 2360
18169 3220
18169 3298
18169 2031
18169 3376
18169 795
18169 3384
18169 2651
18169 2325
18169 3552
18169 3498
18169 3147
18169 3551
18169 1641
18169 2736
18169 1067
18169 3558
18169 2363
18169 3223
18169 3293
16819 2970
16819 3151
16819 1516
16819 840
16819 3080
16819 711
16819 223
16819 3044
16819 1053
16819 540
16819 1257
16819 1565
16819 3392
16819 3487
16819 2966
16819 3125
16819 3152
16819 2860
16819 1760
16819 3155
16819 1683
16819 2373
16819 2995
16819 2283
16819 3149
16819 1762
16819 2150
14259 1819
14259 2860
14259 2814
14259 1263
14259 3383
14259 3234
14259 1403
14259 1099
14259 2941
14259 2373
14259 675
14259 2248
14259 726
14259 1709
14259 1922
14259 1544
14259 2866
14259 3249
14259 630
14259 2781
14259 71
14259 343
18497 3293
18497 3448
18497 3299
18497 3105
18497 2723
18497 795
18497 2809
18497 2699
18497 1314
18497 2265
18497 948
18497 3445
18497 2365
18497 1792
18497 1683
18497 3194
18497 3186
18497 2649
18497 2912
18497 2928
18497 1566
18497 1511
18497 3410
17630 431
17630 840
17630 3342
17630 3606
17630 3614
17630 2817
17630 1297
17630 3566
17630 2768
17630 2892
17630 879
17630 2636
17630 2551
17630 574
17630 1923
17630 3594
17630 1091
17630 3616
17630 3196
17630 2865
17630 2816
19296 2360
19296 2255
19296 3303
19296 1641
19296 1459
19296 3552
19296 3039
19296 2651
19296 2361
19296 2740
19296 2031
19296 2413
19296 2753
19296 3298
19296 2363
19296 2769
19296 3400
19296 2010
19296 3382
19296 3293
19296 2679
19296 1407
19296 3220
19296 3558
19296 1919
19296 1690
717 3103
717 1091
717 3383
717 1673
717 1511
717 3606
717 3552
717 3077
717 2087
717 1950
717 2768
717 2296
717 2845
717 1367
717 3
717 1297
717 2551
717 2916
717 2844
717 935
717 2323
717 1241
717 2806
717 1134
717 3594
717 2091
717 2556
10603 156
10603 1787
10603 2551
10603 969
10603 2326
10603 2814
10603 2616
10603 2817
10603 2832
10603 3196
10603 3249
10603 2373
10603 1516
10603 2636
10603 1252
10603 574
10603 2860
10603 3383
10603 2844
10603 1297
10603 1091
10603 1742
10603 1288
10603 2087
10603 2865
10603 32
10603 3516
3281 1054
3281 2158
3281 2507
3281 1565
3281 2207
3281 250
3281 1661
3281 3033
3281 2858
3281 1850
3281 1920
3281 12
3281 3580
3281 3249
3281 1007
3281 1618
3281 32
3281 3190
3281 2326
3281 2687
19010 1973
19010 1791
19010 2068
19010 2413
19010 2058
19010 1608
19010 1458
19010 1524
19010 2534
19010 2806
19010 3220
19010 2862
19010 820
19010 1673
19010 1417
19010 2929
19010 3298
19010 2359
19010 2031
19010 3547
19010 1072
18638 2651
18638 2414
18638 2736
18638 3312
18638 2068
18638 1792
18638 2031
18638 2877
18638 1376
18638 3148
18638 795
18638 3500
18638 3186
18638 3303
18638 3542
18638 3377
18638 1641
18638 1427
18638 1258
18638 3403
18638 2740
18638 3147
18638 3448
18638 2568
18638 1498
18638 2211
18638 2841
18638 3446
9269 2551
9269 2636
9269 2768
9269 2865
9269 2900
9269 2817
9269 1332
9269 2616
9269 3103
9269 3482
9269 2870
9269 2986
9269 2326
9269 2001
9269 85
9269 969
9269 1297
9269 3196
9269 32
9269 1252
18275 1202
18275 2753
18275 2359
18275 1227
18275 2785
18275 1498
18275 795
18275 1266
18275 2784
18275 3506
18275 2679
18275 1306
18275 1067
18275 3633
18275 1851
18275 3223
18275 3293
18275 3298
18275 1114
18275 2756
18275 2651
18275 2255
18275 2503
18275 2877
18275 3505
18275 1410
18275 1690
3704 289
3704 1297
3704 3580
3704 2263
3704 3410
3704 12
3704 2551
3704 788
3704 1850
3704 3606
3704 1618
3704 3033
3704 2483
3704 3103
3704 929
3704 2507
3704 1007
3704 3616
3704 3190
3704 32
3704 2191
3704 2323
17425 2844
17425 630
17425 2781
17425 343
17425 1252
17425 2773
17425 2323
17425 2865
17425 2803
17425 1297
17425 760
17425 1544
17425 1241
17425 1403
17425 2986
17425 2296
17425 1565
17425 2342
17425 2636
17425 2326
17425 3039
17425 1091
17425 2984
14665 2551
14665 1544
14665 3452
14665 2279
14665 2781
14665 760
14665 2695
14665 1134
14665 814
14665 177
14665 681
14665 3364
14665 1091
14665 1891
14665 3392
14665 2901
14665 2616
14665 1367
14665 3554
14665 1297
14665 3103
14665 630
14665 969
14665 85
9767 2816
9767 1664
9767 2768
9767 2636
9767 1054
9767 3249
9767 2844
9767 848
9767 840
9767 1252
9767 1297
9767 574
9767 1091
9767 2984
9767 1679
9767 1241
9767 1090
9767 2326
9767 1565
9767 1298
9767 2986
9767 32
9767 2865
9767 2814
7223 2684
7223 121
7223 2733
7223 2310
7223 2795
7223 377
7223 1716
7223 27
7223 1668
7223 2285
7223 306
7223 2895
7223 2422
7223 3412
7223 3143
7223 1702
7223 2266
7223 2320
7223 3274
7223 2850
7223 2672
7223 2667
7223 1031
7223 2938
7223 1373
7223 499
7223 3124
7223 762
19324 3505
19324 3552
19324 2359
19324 2785
19324 2917
19324 2251
19324 2345
19324 2833
19324 3198
19324 3384
19324 1943
19324 3625
19324 3385
19324 2068
19324 2363
19324 3184
19324 3039
19324 3055
19324 3458
19324 1467
19324 1459
19278 3312
19278 1792
19278 1458
19278 2909
19278 1524
19278 3194
19278 1854
19278 1459
19278 3311
19278 2833
19278 3220
19278 2211
19278 3498
19278 2822
19278 3039
19278 3147
19278 3448
19278 1501
19278 2406
19278 2929
19278 2253
19278 1264
19278 2068
19278 3555
19278 1265
19278 1686
19278 2058
19278 2363
11497 2551
11497 2986
11497 1718
11497 2900
11497 3410
11497 3116
11497 1297
11497 2636
11497 1506
11497 3580
11497 1918
11497 1134
11497 2323
11497 32
11497 2865
11497 675
11497 2507
11497 2143
11497 1332
11497 177
11497 969
11497 2817
11497 3452
11497 3103
11497 2087
11497 3249
11497 2723
14614 3174
14614 3010
14614 193
14614 1440
14614 163
14614 1945
14614 2373
14614 3139
14614 453
14614 1471
14614 1555
14614 1773
14614 1614
14614 3195
14614 81
14614 3070
14614 2814
14614 1065
14614 475
14614 932
14614 3325
14614 2000
14614 1787
14614 367
14614 2982
19055 1557
19055 3458
19055 820
19055 3312
19055 3498
19055 2253
19055 2406
19055 3299
19055 1683
19055 1410
19055 3377
19055 1264
19055 2929
19055 1854
19055 2651
19055 3303
19055 3448
19055 2753
19055 3108
19055 1686
19055 3194
15996 711
15996 2625
15996 3090
15996 3152
15996 130
15996 3487
15996 263
15996 3626
15996 1565
15996 2278
15996 1767
15996 1342
15996 2496
15996 1947
15996 3155
15996 1590
15996 2249
15996 1683
15996 3149
15996 1080
15996 1298
15996 462
15996 2732
15996 2019
15996 3151
15996 997
15996 2779
15996 1989
12400 1357
12400 2844
12400 2859
12400 302
12400 1738
12400 1792
12400 1839
12400 101
12400 2326
12400 753
12400 1739
12400 854
12400 1531
12400 211
12400 3561
12400 1252
12400 165
12400 584
12400 359
12400 3323
12400 42
12400 1012
12400 858
12400 1223
12400 2275
12400 2849
12400 1410
18733 2404
18733 1067
18733 1265
18733 3508
18733 3558
18733 3147
18733 2753
18733 2360
18733 1539
18733 2503
18733 795
18733 2651
18733 2460
18733 2806
18733 3293
18733 3400
18733 2679
18733 1407
18733 3298
18733 2406
18733 2756
18733 1301
18733 2413
18733 3552
18733 1266
18801 3376
18801 2753
18801 3508
18801 795
18801 3298
18801 2325
18801 2031
18801 2784
18801 1943
18801 1641
18801 2736
18801 3293
18801 2867
18801 1407
18801 3223
18801 3558
18801 2010
18801 3400
18801 2251
18801 2756
18801 1973
18801 2361
18801 1467
18801 2360
18801 2679
18801 1459
18801 1690
18801 3220
18801 3384
19225 1919
19225 3503
19225 1258
19225 3409
19225 3299
19225 3293
19225 3448
19225 2406
19225 2010
19225 1265
19225 3298
19225 3486
19225 2753
19225 1427
19225 2769
19225 1690
19225 3508
19225 1410
19225 2752
19225 1673
19225 1557
19225 3220
19225 3498
19225 3382
19225 3506
19225 2651
19225 1539
19225 2549
19118 2777
19118 2909
19118 2867
19118 2503
19118 1871
19118 3038
19118 3302
19118 2345
19118 2566
19118 2841
19118 2830
19118 2079
19118 1792
19118 3293
19118 3298
19118 1690
19118 1202
19118 3446
19118 2803
19118 1063
19118 2784
19118 2296
19118 3040
153 3103
153 3452
153 2901
153 2839
153 2001
153 2658
153 2551
153 2829
153 2365
153 760
153 814
153 85
153 1372
153 3324
153 177
153 106
153 1640
153 2662
153 2686
153 2616
153 3
153 58
153 2087
153 3118
153 1134
19303 3403
19303 3069
19303 3542
19303 1539
19303 2651
19303 3303
19303 3186
19303 2079
19303 2909
19303 3458
19303 2736
19303 2830
19303 3377
19303 2917
19303 1459
19303 2361
19303 1410
19303 3376
19303 3260
19303 2345
19303 1512
19303 1407
19303 3551
19303 2363
10858 1367
10858 1614
10858 218
10858 1285
10858 3517
10858 2636
10858 1471
10858 760
10858 2865
10858 85
10858 32
10858 1144
10858 3315
10858 2846
10858 1640
10858 941
10858 1286
10858 1368
10858 814
10858 1720
10858 947
15513 3542
15513 2896
15513 1539
15513 2753
15513 283
15513 111
15513 3547
15513 1524
15513 2373
15513 512
15513 2079
15513 869
15513 2830
15513 256
15513 2736
15513 3303
15513 2814
15513 3458
15513 1063
15513 3148
15513 248
15513 3069
15513 3186
15513 3403
15513 1512
15513 2936
16779 2941
16779 1484
16779 2986
16779 1091
16779 2687
16779 1403
16779 760
16779 2686
16779 3151
16779 1890
16779 1054
16779 2344
16779 2834
16779 1216
16779 218
16779 2737
16779 3626
16779 1288
16779 2814
16779 2249
19295 3220
19295 1690
19295 1407
19295 2406
19295 3223
19295 2363
19295 2460
19295 3400
19295 3551
19295 3108
19295 1415
19295 2806
19295 3147
19295 2058
19295 2503
19295 1379
19295 2068
19295 3459
19295 3552
19295 3384
19295 2769
19295 1459
19295 2753
19295 2679
19295 3508
19295 3299
19295 1973
18802 3298
18802 2753
18802 2784
18802 2867
18802 3148
18802 2012
18802 3039
18802 1973
18802 1690
18802 2031
18802 2740
18802 2360
18802 3220
18802 2010
18802 3508
18802 3384
18802 3558
18802 1467
18802 1459
18802 1641
18802 3400
18802 1301
18802 795
18802 1607
18802 1407
18802 2736
18802 1943
18802 2679
19233 1266
19233 3448
19233 1427
19233 3299
19233 1410
19233 2406
19233 1265
19233 3555
19233 2753
19233 1690
19233 3220
19233 2769
19233 3298
19233 1673
19233 2752
19233 1301
19233 1557
19233 3508
19233 2404
19233 3498
19233 3506
19233 3293
19233 3409
19233 2549
19233 3503
19233 1258
19233 3486
19233 1919
19304 3558
19304 3108
19304 3039
19304 2784
19304 2012
19304 2503
19304 1641
19304 2917
19304 1943
19304 1539
19304 3551
19304 3403
19304 1415
19304 2753
19304 3458
19304 2679
19304 2031
19304 3148
19304 2568
19304 2345
19304 3260
19304 3298
19304 1459
19304 2251
19304 1407
19304 3400
19304 3459
19304 2068
2178 1138
2178 3309
2178 2527
2178 1864
2178 1091
2178 3105
2178 2212
2178 1927
2178 2865
2178 431
2178 1027
2178 3420
2178 3383
2178 2636
2178 2420
2178 11
2178 1615
2178 739
2178 2334
2178 1941
2178 1930
2178 3085
2178 3249
2178 3419
2178 1961
2178 1928
19067 1524
19067 1458
19067 1973
19067 3299
19067 1673
19067 1851
19067 1265
19067 2822
19067 2211
19067 3298
19067 2929
19067 1557
19067 1264
19067 2841
19067 820
19067 1608
19067 3448
19067 2534
19067 3220
19067 1063
19067 1410
19067 3194
19067 1854
19067 1413
9703 2636
9703 2987
9703 32
9703 3383
9703 2986
9703 848
9703 2865
9703 840
9703 2616
9703 1252
9703 1091
9703 2845
9703 2365
9703 2737
9703 2844
9703 3249
9703 2814
9703 2984
9703 2860
9703 1297
19143 3069
19143 1063
19143 1427
19143 2031
19143 1376
19143 3298
19143 2253
19143 1410
19143 2369
19143 3192
19143 3498
19143 2651
19143 1792
19143 3377
19143 2917
19143 1264
19143 2909
19143 3500
19143 3376
19143 3194
19143 1686
19143 3302
19143 2916
19143 2296
19143 3542
19143 1243
19143 2752
19143 3312
16031 3011
16031 131
16031 2929
16031 3148
16031 2886
16031 1501
16031 2863
16031 2012
16031 2031
16031 3382
16031 2616
16031 209
16031 2458
16031 2832
16031 2344
16031 2866
16031 2296
16031 3173
16031 2521
16031 1836
16031 3503
16031 1425
14458 3315
14458 923
14458 3106
14458 78
14458 2256
14458 754
14458 971
14458 369
14458 1383
14458 2793
14458 2851
14458 2521
14458 2009
14458 332
14458 1719
14458 2213
14458 2978
14458 3200
14458 2276
14458 2501
14458 3383
14458 3085
14458 3182
14458 2662
14458 1493
10629 2365
10629 32
10629 3080
10629 2986
10629 1297
10629 2737
10629 2706
10629 3234
10629 3249
10629 2612
10629 1288
10629 2984
10629 3077
10629 1252
10629 2373
10629 2551
10629 863
10629 944
10629 3452
10629 1550
10629 1565
10629 2636
10629 2814
10629 3155
10629 2087
10629 760
10629 1403
19131 2253
19131 3486
19131 1792
19131 1685
19131 2010
19131 2549
19131 3303
19131 2556
19131 1500
19131 3039
19131 2651
19131 2004
19131 1301
19131 2909
19131 2753
19131 1791
19131 2078
19131 2806
19131 2404
19131 1063
19131 2296
19131 3500
19131 3220
19131 1413
18442 3558
18442 3147
18442 3400
18442 3223
18442 2363
18442 3293
18442 795
18442 3220
18442 2406
18442 2360
18442 2031
18442 2679
18442 3503
18442 3376
18442 2361
18442 3384
18442 2769
18442 3298
18442 2753
18442 3555
18442 1641
18442 2785
18442 3552
18442 2651
18442 2325
18442 1690
18442 1258
18442 1407
19153 2031
19153 1114
19153 2806
19153 1413
19153 3385
19153 1459
19153 1063
19153 3148
19153 1202
19153 1690
19153 3376
19153 3551
19153 3403
19153 2079
19153 1258
19153 3506
19153 2736
19153 3459
19153 1498
19153 2325
19153 3458
19318 2363
19318 3311
19318 3508
19318 2806
19318 2769
19318 1459
19318 2864
19318 3220
19318 3147
19318 2361
19318 2503
19318 3298
19318 3108
19318 3459
19318 2359
19318 3555
19318 1415
19318 3552
19318 2068
19318 3503
19318 3486
19318 2058
19318 3302
19318 3625
19318 3260
13510 2936
13510 2709
13510 556
13510 78
13510 2984
13510 802
13510 876
13510 2686
13510 58
13510 1622
13510 736
13510 124
13510 1366
13510 571
13510 3375
13510 1317
13510 1383
13510 2613
13510 125
13510 1483
13510 3006
13510 932
13510 2895
13510 209
13510 3092
13510 2900
13510 2652
13510 2521
18999 3385
18999 2830
18999 3298
18999 3446
18999 2251
18999 2864
18999 3069
18999 1063
18999 2951
18999 2363
18999 3409
18999 820
18999 1114
18999 3055
18999 2877
18999 1202
18999 3403
18999 3186
18999 1410
18999 2503
18999 1072
18999 3459
18999 3552
18999 1792
18999 3382
18161 3400
18161 1266
18161 1792
18161 2363
18161 1258
18161 2091
18161 3385
18161 2362
18161 3377
18161 1690
18161 3555
18161 2756
18161 3384
18161 2361
18161 3508
18161 3260
18161 3298
18161 1114
18161 2360
18161 2679
18161 2079
18161 3148
18161 3506
18161 1415
18161 2359
18161 795
18161 1608
18161 3293
18161 1407
14941 1160
14941 1257
14941 2722
14941 3399
14941 2500
14941 276
14941 193
14941 670
14941 580
14941 421
14941 85
14941 1553
14941 610
14941 2536
14941 2381
14941 354
14941 1551
14941 1516
14941 3261
14941 1691
14941 558
14941 2798
14941 1317
14941 2616
14941 2115
14941 1409
14941 2832
15229 2360
15229 2521
15229 3220
15229 90
15229 2651
15229 795
15229 2994
15229 3147
15229 3280
15229 3383
15229 1641
15229 3452
15229 2323
15229 3293
15229 3558
15229 2363
15229 1297
15229 1288
15229 85
15229 3503
15229 2928
15229 2679
15229 130
15229 2753
15229 2616
15229 1054
15229 2769
5269 2986
5269 15
5269 1822
5269 354
5269 1277
5269 2985
5269 1622
5269 3396
5269 2984
5269 2381
5269 376
5269 1117
5269 2577
5269 400
5269 2940
5269 894
5269 1553
5269 1091
5269 2832
5269 1842
5269 670
5269 786
5269 2477
5269 1388
5269 3383
5269 2971
5269 1551
5269 826
5269 2987
19057 2841
19057 820
19057 2345
19057 2079
19057 1539
19057 3633
19057 1608
19057 3512
19057 3298
19057 2830
19057 1607
19057 2784
19057 1072
19057 1266
19057 3403
19057 3055
19057 3558
19057 3505
19057 2363
19057 1063
19057 3186
19057 3069
19202 2362
19202 1410
19202 3505
19202 2864
19202 1114
19202 3298
19202 1077
19202 3293
19202 3260
19202 3198
19202 2251
19202 2361
19202 1608
19202 2342
19202 1851
19202 3552
19202 3312
19202 2359
19202 3506
19202 2079
19202 1792
19202 3553
19202 3302
19202 2651
19202 3303
19202 2503
4451 695
4451 786
4451 382
4451 3383
4451 3528
4451 3081
4451 3399
4451 532
4451 96
4451 1377
4451 276
4451 2487
4451 1548
4451 3185
4451 15
4451 1551
4451 1117
4451 558
4451 1879
4451 2577
4451 1219
13529 1054
13529 1836
13529 3259
13529 2687
13529 736
13529 1622
13529 3359
13529 2620
13529 2686
13529 58
13529 85
13529 209
13529 2894
13529 618
13529 3399
13529 3496
13529 1263
13529 3092
13529 2022
13529 2265
13529 1933
13529 2521
13529 412
13529 3435
13529 2832
13529 556
13529 2986
16950 675
16950 1099
16950 1791
16950 3039
16950 1673
16950 726
16950 2781
16950 3148
16950 1539
16950 3553
16950 1544
16950 1407
16950 1943
16950 2248
16950 1919
16950 264
16950 630
16950 1607
16950 1871
16950 1973
16950 2941
16950 2753
16950 1467
16950 916
16950 1922
16950 343
16950 2806
19020 1524
19020 3201
19020 2296
19020 820
19020 3040
19020 2753
19020 2211
19020 3384
19020 2786
19020 1264
19020 2362
19020 2803
19020 2679
19020 3298
19020 2951
19020 3448
19020 3633
19020 3542
19020 2758
19020 2806
19086 1180
19086 3091
19086 1286
19086 2305
19086 2614
19086 1179
19086 1332
19086 1284
19086 1511
19086 2286
19086 1120
19086 1285
19086 3195
19086 2306
19086 1043
19086 1694
19086 2223
19086 3411
19086 941
19086 1873
13980 3435
13980 2987
13980 3249
13980 1212
13980 181
13980 1489
13980 1241
13980 1639
13980 1252
13980 2507
13980 1872
13980 159
13980 2984
13980 620
13980 736
13980 1263
13980 2844
13980 2323
13980 3379
13980 68
13980 2986
13980 1091
18996 3184
18996 820
18996 3507
18996 2325
18996 3069
18996 3293
18996 3186
18996 2078
18996 1410
18996 3403
18996 1501
18996 2503
18996 2404
18996 2785
18996 2296
18996 1413
18996 3298
18996 2413
18996 2751
18996 2091
18996 3198
18996 1851
18996 1067
15388 135
15388 848
15388 936
15388 2763
15388 3151
15388 90
15388 2866
15388 3399
15388 1332
15388 2649
15388 2365
15388 1565
15388 312
15388 3249
15388 933
15388 1288
15388 2344
15388 2706
15388 2768
15388 2616
15388 3017
15388 3383
124 3
124 2737
124 2551
124 3606
124 2723
124 3452
124 1091
124 2616
124 2507
124 177
124 3383
124 1511
124 85
124 3594
124 1599
124 2323
124 1134
124 1506
124 2938
124 1647
11049 2636
11049 943
11049 2817
11049 1298
11049 431
11049 2816
11049 1297
11049 1091
11049 3249
11049 2737
11049 1090
11049 32
11049 2678
11049 1252
11049 2844
11049 3196
11049 119
11049 1921
11049 1367
11049 3502
11049 1540
11049 1664
11049 863
11049 2768
11049 2865
19227 3503
19227 1258
19227 2042
19227 3041
19227 1557
19227 2091
19227 3299
19227 2769
19227 2752
19227 2404
19227 3486
19227 2058
19227 1524
19227 1458
19227 1427
19227 2012
19227 1410
19227 3459
19227 2929
19227 3448
19227 1265
19227 3382
19227 2939
19227 3194
573 3
573 2834
573 2900
573 556
573 85
573 2003
573 209
573 3303
573 1563
573 3253
573 215
573 760
573 1347
573 3151
573 2068
573 2754
573 2737
573 1890
573 1054
573 2058
573 2323
573 2686
573 2413
573 2769
573 3165
13223 1630
13223 1622
13223 2814
13223 3445
13223 2637
13223 248
13223 50
13223 1345
13223 1352
13223 899
13223 1344
13223 1063
13223 1692
13223 1403
13223 938
13223 130
13223 2625
13223 2878
13223 256
13223 2651
13223 283
13223 1298
13223 2643
18944 3312
18944 2777
18944 3148
18944 1417
18944 1641
18944 1608
18944 1243
18944 2004
18944 1063
18944 1980
18944 2549
18944 2568
18944 2806
18944 2740
18944 3500
18944 1685
18944 795
18944 1686
18944 3041
18944 3344
18944 3542
18944 2867
15403 1079
15403 969
15403 2817
15403 1241
15403 2681
15403 2323
15403 2551
15403 1297
15403 2279
15403 1252
15403 1511
15403 3452
15403 1263
15403 2326
15403 3196
15403 90
15403 2865
15403 2706
15403 3482
15403 1565
16964 3093
16964 500
16964 3436
16964 2157
16964 1454
16964 432
16964 2105
16964 1587
16964 813
16964 690
16964 268
16964 2099
16964 3370
16964 1077
16964 2914
16964 737
16964 2130
16964 1091
16964 3215
16964 701
18536 3503
18536 3293
18536 2938
18536 1067
18536 3147
18536 3498
18536 795
18536 2652
18536 2752
18536 3508
18536 1301
18536 3298
18536 2491
18536 1690
18536 3220
18536 2786
18536 2413
18536 1265
18536 2406
18536 1410
18536 1427
18536 2894
18536 1258
19308 1459
19308 1690
19308 2068
19308 3551
19308 3147
19308 1407
19308 3552
19308 3260
19308 3384
19308 3508
19308 3040
19308 3298
19308 3385
19308 3459
19308 2012
19308 3625
19308 3555
19308 2361
19308 2753
19308 1415
19308 2679
19308 3400
19308 2251
19308 2833
19308 3108
15836 726
15836 1709
15836 1544
15836 760
15836 1263
15836 2814
15836 2781
15836 2773
15836 1403
15836 1090
15836 2832
15836 1091
15836 3383
15836 630
15836 2866
15836 2636
15836 2941
15836 2248
15836 2860
15836 840
15836 2373
15836 343
15836 675
15836 2687
15836 130
15836 1922
15836 1367
18795 2753
18795 1427
18795 1063
18795 2404
18795 3298
18795 2786
18795 2406
18795 3293
18795 1413
18795 1265
18795 1067
18795 3508
18795 1539
18795 795
18795 2756
18795 3147
18795 2651
18795 2806
18795 3220
18795 1301
18795 1266
19166 3558
19166 1690
19166 2503
19166 2549
19166 1063
19166 2864
19166 1427
19166 3147
19166 2786
19166 3486
19166 3508
19166 1301
19166 3293
19166 1673
19166 2404
19166 3220
19166 2752
19166 1067
19166 1539
19166 3552
19166 1266
19166 2806
19166 1919
19166 2010
19166 2753
17629 2892
17629 2636
17629 2865
17629 431
17629 2817
17629 2768
17629 2551
17629 3594
17629 3196
17629 2816
17629 3616
17629 3566
17629 3342
17629 1091
17629 3614
17629 1297
17629 574
17629 3606
17629 840
17629 1923
16377 177
16377 1856
16377 276
16377 1067
16377 795
16377 2679
16377 3508
16377 2848
16377 1647
16377 1577
16377 1973
16377 888
16377 1407
16377 2651
16377 1653
16377 3410
16377 2939
16377 3549
16377 2736
16377 3255
16377 3400
16377 2938
5065 2585
5065 2957
5065 786
5065 709
5065 3335
5065 3606
5065 509
5065 299
5065 3420
5065 3259
5065 3605
5065 1127
5065 298
5065 3481
5065 846
5065 3258
5065 3394
5065 2457
5065 790
5065 193
5065 1921
5065 15
5065 3554
5065 1091
5065 3185
5065 3594
5065 2666
18652 2803
18652 1943
18652 2211
18652 3194
18652 795
18652 2822
18652 1458
18652 2534
18652 1467
18652 1459
18652 2503
18652 2058
18652 2413
18652 3039
18652 1973
18652 1264
18652 2751
18652 3041
18652 1067
18652 2753
18652 2777
18652 2951
18826 2736
18826 795
18826 2012
18826 3039
18826 2031
18826 1943
18826 3558
18826 2756
18826 2010
18826 3400
18826 1641
18826 3293
18826 1607
18826 2867
18826 3220
18826 1407
18826 2360
18826 1690
18826 1973
18826 2679
18826 3508
18826 3298
18826 3384
18826 1459
18826 1467
18826 3148
18826 1301
18826 2753
18826 2784
19229 2756
19229 2679
19229 2361
19229 3400
19229 2360
19229 1539
19229 3446
19229 3384
19229 3376
19229 3508
19229 2753
19229 1407
19229 3383
19229 3297
19229 2752
19229 2860
19229 1980
19229 1258
19229 2651
19229 2814
19229 2503
19229 2806
19229 1266
19229 2736
19229 3558
