123 84
123 1090
123 1133
123 1505
123 1510
123 1598
123 2322
123 2506
123 2722
123 2736
123 3382
123 3451
123 3593
123 3605
138 2
138 84
138 142
138 176
138 214
138 356
138 759
138 1133
138 1231
138 1331
138 1659
138 1701
138 1955
138 1990
138 2086
138 2243
138 2410
138 2681
138 2736
138 2901
138 2937
138 3286
152 2
152 57
152 84
152 105
152 759
152 813
152 1371
152 1639
152 2000
152 2086
152 2364
152 2550
152 2615
152 2661
152 2685
152 2838
152 2900
152 3102
152 3117
152 3323
152 3451
572 2
572 84
572 214
572 555
572 759
572 1053
572 1562
572 1889
572 2002
572 2057
572 2067
572 2322
572 2685
572 2736
572 2753
572 2768
572 2833
572 2899
572 3150
572 3164
572 3302
716 2
716 934
716 1133
716 1240
716 1296
716 1366
716 1510
716 1672
716 2090
716 2295
716 2322
716 2550
716 2555
716 2805
716 2844
716 2915
716 3076
716 3102
716 3382
716 3551
716 3593
716 3605
2177 10
2177 430
2177 738
2177 1026
2177 1090
2177 1137
2177 1927
2177 1929
2177 1960
2177 2211
2177 2333
2177 2419
2177 2526
2177 2635
2177 3104
2177 3248
2177 3308
2177 3382
2177 3418
2177 3419
3280 11
3280 31
3280 249
3280 1006
3280 1053
3280 1564
3280 1617
3280 1849
3280 1919
3280 2157
3280 2206
3280 2325
3280 2506
3280 2686
3280 2857
3280 3032
3280 3248
3280 3579
3703 11
3703 31
3703 288
3703 928
3703 1296
3703 1617
3703 1849
3703 2262
3703 2322
3703 2482
3703 2506
3703 2550
3703 3032
3703 3102
3703 3189
3703 3409
3703 3579
3703 3615
4450 95
4450 275
4450 381
4450 531
4450 694
4450 785
4450 1116
4450 1218
4450 1376
4450 1547
4450 1550
4450 2486
4450 3080
4450 3184
4450 3398
4450 3527
5064 708
5064 785
5064 2584
5064 2956
5268 14
5268 375
5268 785
5268 825
5268 893
5268 1116
5268 1276
5268 1550
5268 1821
5268 1841
5268 2476
5268 2576
5268 2831
5268 2939
5268 2970
5268 2983
5268 2985
5268 2986
5268 3382
5268 3395
5331 14
5331 399
5331 629
5331 674
5331 725
5331 1064
5331 1158
5331 1565
5331 1708
5331 1921
5331 2372
5331 2493
5331 2780
5331 2813
5331 2859
5331 2940
5331 3233
5331 3628
5526 31
5526 49
5526 84
5526 1053
5526 1251
5526 1287
5526 1296
5526 1297
5526 2086
5526 2343
5526 2686
5526 2736
5526 2843
5526 2993
5526 3243
5526 3481
7222 26
7222 120
7222 305
7222 761
7222 1372
7222 1701
7222 1715
7222 2265
7222 2284
7222 2309
7222 2421
7222 2666
7222 2671
7222 2683
7222 2732
7222 2794
7222 2849
7222 2894
7222 2937
7222 3123
7222 3142
8697 30
8697 263
8697 355
8697 759
8697 998
8697 1053
8697 1221
8697 1523
8697 1672
8697 1689
8697 1790
8697 1918
8697 2103
8697 2324
8697 2550
8697 2768
8697 2784
8697 2805
8697 2829
8697 3146
8697 3287
8697 3297
8697 3302
8697 3452
9229 31
9229 176
9229 968
9229 970
9229 1251
9229 1287
9229 1617
9229 1849
9229 2000
9229 2142
9229 2482
9229 2506
9229 2550
9229 2844
9229 2845
9229 3189
9229 3195
9229 3579
9265 89
9265 957
9265 1251
9265 1296
9265 2278
9265 2322
9265 2325
9265 2333
9265 2343
9265 2550
9265 2615
9265 2698
9265 2767
9265 2816
9265 2864
9265 3102
9265 3248
9265 3579
9268 31
9268 968
9268 1251
9268 1296
9268 1331
9268 2325
9268 2550
9268 2615
9268 2635
9268 2767
9268 2816
9268 2864
9268 2869
9268 2899
9268 2985
9268 3102
9268 3195
9268 3481
9470 31
9470 49
9470 1287
9470 1296
9470 1336
9470 1343
9470 1346
9470 1351
9470 1366
9470 2000
9470 2635
9470 2736
9470 2767
9470 2772
9470 2813
9470 2816
9470 2845
9470 2859
9470 2864
9470 3154
9470 3382
9702 31
9702 839
9702 847
9702 1090
9702 1251
9702 1296
9702 2364
9702 2635
9702 2736
9702 2813
9702 2859
9702 2864
9702 2983
9702 2985
9702 3382
9763 31
9763 49
9763 214
9763 474
9763 1053
9763 1090
9763 1287
9763 1298
9763 1343
9763 1402
9763 2364
9763 2505
9763 2576
9763 2613
9763 2686
9763 2736
9763 2985
9763 3150
9763 3154
9763 3248
9766 31
9766 573
9766 839
9766 1053
9766 1089
9766 1090
9766 1240
9766 1251
9766 1296
9766 1297
9766 1564
9766 1663
9766 2635
9766 2767
9766 2813
9766 2815
9766 2843
9766 2864
9766 2983
9766 3248
10602 31
10602 155
10602 573
10602 1090
10602 1741
10602 1786
10602 2086
10602 2325
10602 2372
10602 2615
10602 2635
10602 2816
10602 2843
10602 2859
10602 2864
10602 3195
10602 3382
10602 3515
10628 31
10628 759
10628 862
10628 943
10628 1251
10628 1287
10628 1296
10628 1549
10628 1564
10628 2364
10628 2372
10628 2550
10628 2611
10628 2635
10628 2705
10628 2736
10628 2983
10628 2985
10628 3076
10628 3079
10628 3154
10628 3248
10628 3451
10857 31
10857 84
10857 217
10857 759
10857 813
10857 940
10857 946
10857 1143
10857 1285
10857 1366
10857 1367
10857 1470
10857 1613
10857 1639
10857 1719
10857 2635
10857 2845
10857 2864
10857 3516
11048 430
11048 862
11048 1089
11048 1090
11048 1296
11048 1366
11048 1663
11048 2635
11048 2677
11048 2767
11048 2816
11048 2864
11048 3195
11048 3248
11078 100
11078 430
11078 583
11078 759
11078 968
11078 1287
11078 1331
11078 1621
11078 2000
11078 2333
11078 2635
11078 2848
11078 2864
11078 2983
11078 2985
11078 3010
11078 3481
11496 31
11496 968
11496 1133
11496 1331
11496 1505
11496 1717
11496 1917
11496 2086
11496 2142
11496 2322
11496 2506
11496 2550
11496 2635
11496 2722
11496 2864
11496 2899
11496 2985
11496 3115
11496 3248
11496 3579
12399 100
12399 164
12399 210
12399 583
12399 752
12399 857
12399 1011
12399 1222
12399 1356
12399 1409
12399 1530
12399 1737
12399 1738
12399 1791
12399 1838
12399 2325
12399 2843
12399 2848
12399 2858
12399 3322
12399 3560
12587 45
12587 1062
12587 1071
12587 1416
12587 1466
12587 1511
12587 1684
12587 1979
12587 2003
12587 2030
12587 2057
12587 2250
12587 2324
12587 2650
12587 2735
12587 2784
12587 2813
12587 2876
12587 2928
12587 3054
12587 3376
12587 3384
12587 3504
12761 129
12761 248
12761 255
12761 261
12761 347
12761 499
12761 812
12761 1123
12761 1262
12761 1346
12761 1351
12761 1564
12761 1587
12761 1682
12761 2366
12761 2611
12761 3030
12761 3130
12761 3150
12761 3346
12761 3369
13195 49
13195 347
13195 459
13195 710
13195 1090
13195 1297
13195 1682
13195 2248
13195 2364
13195 2372
13195 2813
13195 2859
13195 2985
13195 3145
13195 3148
13195 3150
13195 3151
13195 3248
13195 3382
13195 3486
13222 49
13222 247
13222 282
13222 1062
13222 1343
13222 1344
13222 1351
13222 1402
13222 1629
13222 2636
13222 2650
13222 2813
13222 2877
13222 3444
13509 57
13509 77
13509 123
13509 208
13509 555
13509 735
13509 801
13509 875
13509 931
13509 1316
13509 1365
13509 1382
13509 1482
13509 1621
13509 2520
13509 2612
13509 2651
13509 2685
13509 2894
13509 2899
13509 2935
13509 2983
13509 3374
13528 84
13528 411
13528 555
13528 617
13528 735
13528 1053
13528 1262
13528 1621
13528 1835
13528 1932
13528 2021
13528 2520
13528 2619
13528 2685
13528 2686
13528 2893
13528 2985
13528 3091
13528 3258
13528 3358
13528 3398
13528 3495
13979 67
13979 158
13979 180
13979 1090
13979 1211
13979 1240
13979 1251
13979 1262
13979 1638
13979 1871
13979 2322
13979 2506
13979 2843
13979 2983
13979 2986
13979 3248
13979 3378
14258 70
14258 629
14258 674
14258 1098
14258 1262
14258 1402
14258 1543
14258 1921
14258 2247
14258 2372
14258 2780
14258 2813
14258 2859
14258 2940
14258 3233
14258 3248
14258 3382
14457 77
14457 331
14457 753
14457 922
14457 970
14457 1382
14457 1492
14457 1718
14457 2212
14457 2255
14457 2275
14457 2500
14457 2520
14457 2661
14457 2792
14457 2850
14457 2977
14457 3084
14457 3105
14457 3181
14457 3199
14457 3314
14613 80
14613 162
14613 192
14613 366
14613 474
14613 931
14613 1064
14613 1439
14613 1470
14613 1554
14613 1613
14613 1772
14613 1786
14613 1944
14613 1999
14613 2372
14613 2813
14613 2981
14613 3009
14613 3069
14613 3138
14613 3324
14664 84
14664 176
14664 629
14664 680
14664 759
14664 968
14664 1090
14664 1133
14664 1296
14664 1543
14664 1890
14664 2278
14664 2550
14664 2615
14664 2694
14664 2780
14664 2900
14664 3102
14664 3363
14664 3391
14664 3451
14664 3553
14722 84
14722 162
14722 759
14722 813
14722 887
14722 1133
14722 1251
14722 1296
14722 1564
14722 1717
14722 2086
14722 2278
14722 2333
14722 2485
14722 2550
14722 2620
14722 2705
14722 2864
14722 3102
14722 3115
14940 84
14940 192
14940 275
14940 353
14940 420
14940 557
14940 579
14940 609
14940 669
14940 1159
14940 1256
14940 1316
14940 1515
14940 1550
14940 1552
14940 1690
14940 2380
14940 2499
14940 2535
14940 2615
14940 2797
14940 2831
14940 3260
14940 3398
14990 84
14990 139
14990 759
14990 813
14990 819
14990 1215
14990 1296
14990 1414
14990 1511
14990 1640
14990 1684
14990 1689
14990 2030
14990 2057
14990 2086
14990 2322
14990 2685
14990 2752
14990 2844
14990 2899
14990 2973
14990 3107
14990 3382
14990 3384
14990 3451
15199 84
15199 759
15199 968
15199 1053
15199 1286
15199 1296
15199 1331
15199 1917
15199 2086
15199 2278
15199 2550
15199 2820
15199 2864
15199 2899
15199 3102
15199 3481
15228 84
15228 89
15228 129
15228 794
15228 1053
15228 1287
15228 1296
15228 1640
15228 2322
15228 2359
15228 2362
15228 2520
15228 2615
15228 2650
15228 2678
15228 2752
15228 2768
15228 2927
15228 2993
15228 3146
15228 3219
15228 3279
15228 3292
15228 3382
15228 3451
15228 3502
15228 3557
15367 363
15367 685
15367 716
15367 882
15367 1090
15367 1293
15367 1354
15367 1621
15367 2356
15367 2456
15367 2665
15367 2805
15367 2983
15367 2985
15367 2986
15367 3482
15367 3593
15387 89
15387 134
15387 932
15387 1287
15387 1564
15387 2343
15387 2364
15387 2615
15387 2648
15387 2762
15387 2767
15387 2865
15387 3016
15387 3150
15387 3248
15387 3382
15387 3398
15402 89
15402 968
15402 1078
15402 1240
15402 1251
15402 1296
15402 1564
15402 2278
15402 2322
15402 2325
15402 2680
15402 2705
15402 3451
15512 247
15512 255
15512 282
15512 511
15512 868
15512 1062
15512 1538
15512 2078
15512 2372
15512 2735
15512 2752
15512 2813
15512 2829
15512 2895
15512 2935
15512 3068
15512 3147
15512 3457
15512 3541
15706 119
15706 161
15706 258
15706 460
15706 867
15706 934
15706 1019
15706 1147
15706 1510
15706 1723
15706 1953
15706 1968
15706 2267
15706 2322
15706 2519
15706 2550
15706 2966
15706 3409
15706 3421
15835 342
15835 629
15835 674
15835 725
15835 759
15835 839
15835 1089
15835 1090
15835 1262
15835 1543
15835 1708
15835 1921
15835 2372
15835 2635
15835 2686
15835 2772
15835 2780
15835 2813
15835 2831
15835 2865
15835 2940
15841 129
15841 759
15841 1053
15841 1672
15841 1708
15841 2247
15841 2248
15841 2343
15841 2548
15841 2686
15841 2705
15841 2752
15841 2831
15841 2833
15841 2859
15841 3150
15841 3248
15841 3338
15995 129
15995 710
15995 1079
15995 1341
15995 1564
15995 1589
15995 1682
15995 1766
15995 1946
15995 1988
15995 2018
15995 2248
15995 2495
15995 2731
15995 3089
15995 3148
15995 3151
15995 3154
15995 3486
15995 3625
16030 130
16030 1424
16030 1500
16030 1835
16030 2011
16030 2030
16030 2295
16030 2343
16030 2457
16030 2520
16030 2615
16030 2831
16030 2862
16030 2865
16030 2885
16030 2928
16030 3010
16030 3381
16030 3502
16332 164
16332 301
16332 583
16332 794
16332 819
16332 1356
16332 1530
16332 1689
16332 1737
16332 1972
16332 2009
16332 2030
16332 2650
16332 2678
16332 2735
16332 2848
16332 2937
16332 2938
16332 3399
16332 3507
16332 3557
16376 176
16376 275
16376 794
16376 887
16376 1066
16376 1406
16376 1576
16376 1646
16376 1652
16376 1855
16376 1972
16376 2650
16376 2678
16376 2735
16376 2847
16376 3399
16376 3507
16398 214
16398 342
16398 629
16398 674
16398 725
16398 759
16398 1053
16398 1090
16398 1133
16398 1543
16398 1825
16398 2257
16398 2648
16398 2736
16398 2940
16398 3150
16716 214
16716 794
16716 839
16716 1090
16716 1296
16716 1300
16716 1331
16716 1366
16716 1538
16716 2009
16716 2086
16716 2359
16716 2550
16716 2650
16716 2678
16716 2752
16716 2864
16716 2869
16716 2970
16716 2985
16716 3102
16716 3146
16716 3219
16716 3248
16778 1053
16778 1090
16778 1215
16778 1287
16778 1402
16778 1889
16778 2248
16778 2685
16778 2686
16778 2736
16778 2833
16778 2940
16778 2985
16778 3150
16778 3625
16818 222
16818 539
16818 710
16818 839
16818 1052
16818 1256
16818 1564
16818 1682
16818 1759
16818 1761
16818 2282
16818 2372
16818 2965
16818 2969
16818 2994
16818 3079
16818 3148
16818 3150
16818 3151
16818 3154
16818 3486
16875 239
16875 467
16875 608
16875 724
16875 749
16875 910
16875 1470
16875 1526
16875 1782
16875 1881
16875 2469
16875 2472
16875 2592
16875 2621
16875 3084
16875 3328
16875 3441
16921 258
16921 366
16921 448
16921 452
16921 741
16921 1311
16921 1337
16921 1841
16921 1987
16921 2366
16921 2740
16921 2800
16921 2830
16921 3378
16921 3516
16949 263
16949 342
16949 629
16949 674
16949 725
16949 915
16949 1098
16949 1466
16949 1538
16949 1672
16949 1790
16949 1870
16949 1918
16949 1921
16949 1942
16949 1972
16949 2752
16949 2780
16949 2805
16949 2940
16949 3552
16963 431
16963 499
16963 700
16963 736
16963 812
16963 1076
16963 1090
16963 1453
16963 1586
16963 2098
16963 2104
16963 2129
16963 2156
16963 2913
16963 3214
16963 3369
17424 342
17424 759
17424 1090
17424 1402
17424 1564
17424 2322
17424 2325
17424 2635
17424 2780
17424 2802
17424 2864
17424 2983
17424 3038
17453 342
17453 759
17453 808
17453 867
17453 1133
17453 1505
17453 1708
17453 1717
17453 1740
17453 1754
17453 1921
17453 2322
17453 2372
17453 2486
17453 2736
17453 2780
17453 2813
17453 2859
17453 3323
17453 3421
17453 3524
17553 384
17553 460
17553 759
17553 867
17553 934
17553 1019
17553 1147
17553 1233
17553 1346
17553 1510
17553 1538
17553 1953
17553 1972
17553 2086
17553 2550
17553 2752
17553 2805
17553 2966
17553 3421
17625 430
17625 436
17625 573
17625 839
17625 878
17625 1090
17625 1296
17625 2550
17625 2635
17625 2767
17625 2816
17625 2864
17625 3195
17625 3451
17625 3565
17625 3593
17625 3605
17625 3609
17625 3613
17625 3615
17628 573
17628 1090
17628 1296
17628 1922
17628 2550
17628 2635
17628 2816
17628 2864
17628 2891
17628 3341
17628 3565
17628 3593
17628 3605
17628 3613
17628 3615
17629 430
17629 839
17629 1090
17629 1296
17629 1922
17629 2550
17629 2635
17629 2816
17629 2864
17629 2891
17629 3195
17629 3593
17629 3613
17923 689
17923 1257
17923 1574
17923 1630
17923 2091
17923 2098
17923 2100
17923 2104
17923 2156
17923 2159
17923 2170
17923 2368
17923 2372
17923 2403
17923 3197
17923 3214
17923 3248
17923 3402
18160 794
18160 1113
18160 1265
18160 1406
18160 1414
18160 1607
18160 1791
18160 2078
18160 2360
18160 2361
18160 2362
18160 2755
18160 3259
18160 3292
18160 3297
18160 3376
18160 3383
18160 3399
18160 3505
18160 3554
18168 794
18168 1066
18168 1406
18168 1640
18168 1689
18168 2030
18168 2324
18168 2359
18168 2360
18168 2362
18168 2650
18168 2678
18168 2735
18168 2752
18168 2768
18168 2863
18168 3146
18168 3222
18168 3292
18168 3297
18168 3375
18168 3383
18168 3497
18168 3502
18168 3550
18168 3551
18168 3557
18274 1066
18274 1201
18274 1226
18274 1265
18274 1409
18274 1497
18274 1689
18274 1850
18274 2254
18274 2358
18274 2502
18274 2650
18274 2678
18274 2752
18274 2755
18274 2783
18274 2784
18274 2876
18274 3222
18274 3292
18274 3297
18274 3504
18274 3505
18274 3632
18437 794
18437 1264
18437 1300
18437 1406
18437 1640
18437 1689
18437 2030
18437 2324
18437 2359
18437 2360
18437 2405
18437 2678
18437 2752
18437 2755
18437 2768
18437 2784
18437 3146
18437 3219
18437 3222
18437 3292
18437 3375
18437 3383
18437 3399
18437 3502
18437 3550
18437 3551
18437 3554
18437 3557
18441 794
18441 1257
18441 1406
18441 1640
18441 1689
18441 2030
18441 2324
18441 2359
18441 2360
18441 2362
18441 2405
18441 2650
18441 2752
18441 2768
18441 2784
18441 3146
18441 3222
18441 3292
18441 3297
18441 3399
18441 3551
18441 3554
18441 3557
18496 794
18496 947
18496 1510
18496 1565
18496 1682
18496 2264
18496 2648
18496 2698
18496 2722
18496 2808
18496 2911
18496 2927
18496 3104
18496 3185
18496 3193
18496 3292
18496 3298
18496 3447
18535 794
18535 1066
18535 1264
18535 1300
18535 1409
18535 1426
18535 1689
18535 2405
18535 2412
18535 2490
18535 2751
18535 2785
18535 2937
18535 3146
18535 3297
18535 3497
18535 3502
18535 3507
18637 794
18637 1257
18637 1375
18637 1426
18637 1497
18637 1640
18637 1791
18637 2030
18637 2067
18637 2210
18637 2413
18637 2567
18637 2735
18637 2739
18637 2840
18637 2876
18637 3146
18637 3147
18637 3185
18637 3302
18637 3311
18637 3376
18637 3402
18637 3445
18637 3447
18637 3499
18637 3541
18732 1066
18732 1264
18732 1300
18732 1406
18732 1538
18732 2359
18732 2403
18732 2405
18732 2412
18732 2459
18732 2502
18732 2650
18732 2678
18732 2752
18732 2805
18732 3146
18732 3292
18732 3297
18732 3399
18732 3507
18732 3551
18732 3557
18794 794
18794 1062
18794 1066
18794 1264
18794 1265
18794 1300
18794 1412
18794 1426
18794 1538
18794 2405
18794 2752
18794 2755
18794 2785
18794 3146
18794 3219
18794 3292
18794 3297
18794 3507
18800 794
18800 1458
18800 1466
18800 1640
18800 1689
18800 1942
18800 1972
18800 2009
18800 2030
18800 2250
18800 2324
18800 2359
18800 2678
18800 2755
18800 2783
18800 2866
18800 3219
18800 3222
18800 3292
18800 3297
18800 3375
18800 3383
18800 3507
18800 3557
18801 794
18801 1300
18801 1406
18801 1606
18801 1640
18801 1689
18801 1942
18801 1972
18801 2009
18801 2011
18801 2030
18801 2359
18801 2735
18801 2866
18801 3038
18801 3147
18801 3219
18801 3297
18801 3383
18801 3399
18801 3507
18801 3557
18943 794
18943 1062
18943 1416
18943 1607
18943 1640
18943 1684
18943 1685
18943 1979
18943 2003
18943 2548
18943 2567
18943 2739
18943 2776
18943 2805
18943 2866
18943 3040
18943 3147
18943 3343
18943 3541
18987 794
18987 1062
18987 1066
18987 1265
18987 1426
18987 1538
18987 1672
18987 2009
18987 2752
18987 2785
18987 2805
18987 3219
18987 3292
18987 3297
18987 3557
18995 819
18995 1066
18995 1412
18995 1850
18995 2295
18995 2324
18995 2403
18995 2412
18995 2502
18995 2784
18995 3068
18995 3183
18995 3185
18995 3197
18995 3292
18995 3297
18995 3402
18995 3506
18998 819
18998 1062
18998 1071
18998 1113
18998 1201
18998 1409
18998 1791
18998 2250
18998 2362
18998 2502
18998 2863
18998 2950
18998 3054
18998 3068
18998 3185
18998 3297
18998 3381
18998 3384
18998 3408
18998 3445
18998 3458
18998 3551
19009 819
19009 1071
19009 1416
19009 1457
19009 1523
19009 1607
19009 1672
19009 1790
19009 2057
19009 2067
19009 2358
19009 2412
19009 2533
19009 2805
19009 2861
19009 2928
19009 3219
19009 3297
19009 3546
19019 819
19019 1263
19019 1523
19019 2210
19019 2295
19019 2678
19019 2752
19019 2757
19019 2785
19019 2802
19019 2805
19019 2950
19019 3200
19019 3383
19019 3447
19019 3632
19025 819
19025 1257
19025 1409
19025 1458
19025 1538
19025 1682
19025 1791
19025 2011
19025 2030
19025 2735
19025 2752
19025 2938
19025 3068
19025 3149
19025 3185
19025 3402
19025 3506
19048 819
19048 1263
19048 1445
19048 1538
19048 1682
19048 1685
19048 1791
19048 2030
19048 2650
19048 2829
19048 2908
19048 2938
19048 3185
19048 3302
19048 3310
19048 3311
19048 3497
19048 3541
19054 819
19054 1263
19054 1556
19054 1682
19054 1685
19054 1853
19054 2252
19054 2650
19054 2752
19054 3107
19054 3193
19054 3302
19054 3311
19054 3376
19054 3447
19054 3457
19054 3497
19056 819
19056 1062
19056 1071
19056 1265
19056 1538
19056 1606
19056 2078
19056 2362
19056 2783
19056 2840
19056 3054
19056 3068
19056 3297
19056 3402
19056 3504
19056 3557
19056 3632
19066 819
19066 1062
19066 1263
19066 1264
19066 1412
19066 1457
19066 1523
19066 1556
19066 1607
19066 1672
19066 1850
19066 1853
19066 1972
19066 2821
19066 2840
19066 2928
19066 3193
19066 3219
19066 3297
19066 3447
19085 1119
19085 1178
19085 1283
19085 1284
19085 1285
19085 1693
19085 1872
19085 2222
19085 2304
19085 2613
19085 3090
19085 3194
19085 3410
19088 998
19088 1406
19088 1414
19088 2067
19088 2178
19088 2362
19088 2405
19088 2752
19088 3146
19088 3259
19088 3297
19088 3399
19088 3458
19088 3507
19088 3550
19088 3554
19116 1062
19116 1257
19116 1378
19116 1640
19116 1689
19116 2250
19116 2735
19116 2752
19116 2829
19116 2832
19116 2840
19116 3068
19116 3147
19116 3185
19116 3302
19116 3402
19116 3408
19116 3507
19117 1062
19117 1201
19117 1689
19117 1791
19117 1870
19117 2295
19117 2344
19117 2502
19117 2783
19117 2829
19117 2840
19117 2866
19117 2908
19117 3037
19117 3292
19117 3297
19117 3301
19130 1062
19130 1300
19130 1412
19130 1499
19130 1684
19130 1791
19130 2003
19130 2077
19130 2252
19130 2295
19130 2548
19130 2650
19130 2752
19130 2805
19130 2908
19130 3038
19130 3219
19130 3302
19130 3485
19130 3499
19142 1062
19142 1242
19142 1263
19142 1375
19142 1409
19142 1426
19142 1685
19142 1791
19142 2030
19142 2295
19142 2368
19142 2751
19142 2908
19142 2915
19142 2916
19142 3068
19142 3191
19142 3193
19142 3297
19142 3301
19142 3311
19142 3376
19142 3497
19142 3499
19142 3541
19144 1225
19144 1257
19144 1412
19144 1458
19144 1640
19144 1689
19144 1791
19144 2412
19144 2752
19144 2785
19144 2829
19144 2840
19144 3146
19144 3147
19144 3185
19144 3302
19144 3379
19144 3402
19144 3554
19152 1062
19152 1201
19152 1257
19152 1412
19152 1497
19152 1689
19152 2078
19152 2324
19152 2735
19152 2805
19152 3147
19152 3384
19152 3402
19152 3505
19152 3550
19153 1066
19153 1409
19153 1538
19153 1672
19153 1791
19153 2009
19153 2067
19153 2077
19153 2250
19153 2548
19153 2785
19153 2805
19153 2829
19153 2908
19153 3054
19153 3068
19153 3219
19153 3302
19153 3402
19153 3457
19153 3497
19165 1062
19165 1066
19165 1265
19165 1300
19165 1672
19165 1918
19165 2009
19165 2502
19165 2751
19165 2752
19165 2785
19165 2805
19165 2863
19165 3146
19165 3292
19165 3485
19165 3551
19178 1066
19178 1300
19178 2405
19178 2502
19178 2650
19178 2678
19178 2752
19178 2785
19178 3146
19178 3505
19178 3507
19178 3552
19178 3557
19201 1076
19201 1113
19201 1409
19201 1607
19201 1791
19201 1850
19201 2078
19201 2341
19201 2358
19201 2360
19201 2361
19201 2502
19201 2650
19201 2863
19201 3197
19201 3259
19201 3292
19201 3297
19201 3302
19201 3311
19201 3504
19201 3505
19201 3551
19201 3552
19219 1201
19219 1497
19219 1640
19219 1791
19219 2030
19219 2067
19219 2254
19219 2360
19219 2650
19219 2678
19219 2735
19219 2752
19219 3292
19219 3302
19219 3383
19219 3402
19219 3554
19223 1257
19223 1458
19223 1689
19223 1850
19223 2250
19223 2359
19223 2403
19223 2678
19223 2755
19223 2916
19223 3222
19223 3292
19223 3375
19223 3383
19223 3485
19223 3502
19223 3504
19223 3505
19223 3507
19223 3557
19224 1264
19224 1409
19224 1426
19224 1538
19224 1556
19224 1672
19224 1689
19224 1918
19224 2405
19224 2650
19224 2751
19224 2768
19224 3219
19224 3297
19224 3298
19224 3381
19224 3497
19224 3502
19224 3505
19224 3507
19226 1257
19226 1264
19226 1409
19226 1426
19226 1457
19226 1523
19226 1556
19226 2041
19226 2057
19226 2751
19226 2768
19226 2928
19226 2938
19226 3040
19226 3193
19226 3381
19226 3447
19226 3458
19226 3485
19226 3502
19232 1409
19232 1426
19232 1556
19232 1672
19232 1689
19232 1918
19232 2403
19232 2405
19232 2548
19232 2751
19232 2752
19232 3219
19232 3292
19232 3297
19232 3298
19232 3408
19232 3447
19232 3502
19232 3505
19232 3507
19232 3554
19233 1300
19233 1409
19233 1556
19233 1689
19233 2009
19233 2011
19233 2324
19233 2344
19233 2678
19233 2768
19233 2783
19233 3038
19233 3054
19233 3375
19233 3447
19233 3557
19234 1257
19234 1264
19234 1409
19234 1426
19234 1689
19234 2405
19234 2548
19234 2751
19234 2752
19234 3219
19234 3292
19234 3298
19234 3408
19234 3497
19234 3505
19234 3507
19277 1263
19277 1264
19277 1457
19277 1458
19277 1500
19277 1523
19277 1685
19277 1791
19277 1853
19277 2057
19277 2067
19277 2210
19277 2252
19277 2362
19277 2405
19277 2821
19277 2832
19277 2908
19277 2928
19277 3038
19277 3146
19277 3193
19277 3219
19277 3310
19277 3311
19277 3447
19277 3554
19280 1264
19280 1265
19280 1406
19280 1414
19280 1458
19280 2405
19280 2459
19280 2768
19280 2866
19280 3107
19280 3146
19280 3219
19280 3259
19280 3297
19280 3298
19280 3310
19280 3458
19280 3504
19280 3507
19280 3550
19280 3551
19280 3624
19283 1265
19283 1406
19283 1458
19283 2067
19283 2358
19283 2360
19283 2502
19283 2752
19283 2768
19283 2805
19283 3107
19283 3146
19283 3259
19283 3399
19283 3458
19283 3485
19283 3507
19283 3551
19283 3554
19283 3624
19284 1265
19284 1457
19284 1790
19284 2254
19284 2362
19284 2678
19284 2739
19284 2751
19284 2865
19284 2916
19284 3233
19284 3259
19284 3382
19284 3445
19284 3505
19284 3557
19284 3632
19288 1265
19288 1378
19288 1458
19288 2057
19288 2067
19288 2360
19288 2362
19288 2405
19288 2752
19288 2768
19288 2805
19288 3107
19288 3146
19288 3219
19288 3259
19288 3298
19288 3458
19288 3485
19288 3507
19288 3624
19294 1406
19294 1414
19294 1458
19294 1689
19294 1972
19294 2057
19294 2067
19294 2362
19294 2405
19294 2459
19294 2502
19294 2678
19294 2768
19294 2805
19294 3107
19294 3146
19294 3222
19294 3298
19294 3458
19294 3550
19294 3551
19295 1458
19295 1640
19295 1918
19295 2009
19295 2030
19295 2254
19295 2359
19295 2360
19295 2362
19295 2412
19295 2678
19295 2739
19295 2768
19295 3219
19295 3292
19295 3302
19295 3381
19295 3399
19295 3557
19302 1406
19302 1409
19302 1511
19302 1538
19302 2078
19302 2344
19302 2360
19302 2362
19302 2829
19302 2908
19302 2916
19302 3068
19302 3185
19302 3259
19302 3302
19302 3375
19302 3376
19302 3402
19302 3457
19302 3541
19302 3550
19303 1406
19303 1458
19303 1538
19303 1640
19303 1942
19303 2030
19303 2250
19303 2344
19303 2502
19303 2567
19303 2678
19303 2752
19303 2783
19303 2916
19303 3038
19303 3107
19303 3259
19303 3297
19303 3399
19303 3402
19303 3457
19303 3458
19303 3550
19303 3557
19304 1406
19304 1414
19304 1458
19304 1538
19304 1640
19304 1942
19304 2030
19304 2067
19304 2250
19304 2502
19304 2567
19304 2752
19304 2783
19304 3107
19304 3147
19304 3259
19304 3399
19304 3457
19304 3550
19304 3624
19306 1458
19306 2030
19306 2324
19306 2359
19306 2459
19306 2650
19306 2678
19306 2866
19306 3038
19306 3054
19306 3147
19306 3375
19306 3383
19306 3384
19306 3399
19306 3408
19306 3445
19306 3507
19306 3550
19306 3551
19306 3557
19307 1406
19307 1458
19307 1689
19307 2011
19307 2067
19307 2250
19307 2752
19307 2832
19307 3039
19307 3259
19307 3297
19307 3399
19307 3458
19307 3507
19307 3550
19307 3551
19307 3554
19307 3624
19316 1414
19316 1523
19316 1606
19316 1791
19316 1979
19316 2057
19316 2344
19316 2502
19316 2755
19316 2776
19316 2783
19316 2784
19316 2821
19316 2861
19316 3107
19316 3297
19316 3505
19316 3550
19316 3557
19316 3632
19317 1414
19317 1458
19317 2057
19317 2067
19317 2358
19317 2360
19317 2362
19317 2502
19317 2768
19317 2805
19317 2863
19317 3146
19317 3219
19317 3259
19317 3297
19317 3310
19317 3458
19317 3485
19317 3502
19317 3507
19317 3551
19317 3554
19317 3624
19323 1458
19323 1466
19323 1942
19323 2067
19323 2250
19323 2344
19323 2358
19323 2362
19323 2784
19323 2832
19323 2916
19323 3038
19323 3054
19323 3183
19323 3197
19323 3383
19323 3551
