123 84 1090 1133 1505 1510 1598 2322 2506 2722 2736 3382 3451 3593 3605
138 2 84 142 176 214 356 759 1133 1231 1331 1659 1701 1955 1990 2086 2243 2410 2681 2736 2901 2937 3286
152 2 57 84 105 759 813 1371 1639 2000 2086 2364 2550 2615 2661 2685 2838 2900 3102 3117 3323 3451
572 2 84 214 555 759 1053 1562 1889 2002 2057 2067 2322 2685 2736 2753 2768 2833 2899 3150 3164 3302
716 2 934 1133 1240 1296 1366 1510 1672 2090 2295 2322 2550 2555 2805 2844 2915 3076 3102 3382 3551 3593 3605
2177 10 430 738 1026 1090 1137 1927 1929 1960 2211 2333 2419 2526 2635 3104 3248 3308 3382 3418 3419
3280 11 31 249 1006 1053 1564 1617 1849 1919 2157 2206 2325 2506 2686 2857 3032 3248 3579
3703 11 31 288 928 1296 1617 1849 2262 2322 2482 2506 2550 3032 3102 3189 3409 3579 3615
4450 95 275 381 531 694 785 1116 1218 1376 1547 1550 2486 3080 3184 3398 3527
5064 708 785 2584 2956
5268 14 375 785 825 893 1116 1276 1550 1821 1841 2476 2576 2831 2939 2970 2983 2985 2986 3382 3395
5331 14 399 629 674 725 1064 1158 1565 1708 1921 2372 2493 2780 2813 2859 2940 3233 3628
5526 31 49 84 1053 1251 1287 1296 1297 2086 2343 2686 2736 2843 2993 3243 3481
7222 26 120 305 761 1372 1701 1715 2265 2284 2309 2421 2666 2671 2683 2732 2794 2849 2894 2937 3123 3142
8697 30 263 355 759 998 1053 1221 1523 1672 1689 1790 1918 2103 2324 2550 2768 2784 2805 2829 3146 3287 3297 3302 3452
9229 31 176 968 970 1251 1287 1617 1849 2000 2142 2482 2506 2550 2844 2845 3189 3195 3579
9265 89 957 1251 1296 2278 2322 2325 2333 2343 2550 2615 2698 2767 2816 2864 3102 3248 3579
9268 31 968 1251 1296 1331 2325 2550 2615 2635 2767 2816 2864 2869 2899 2985 3102 3195 3481
9470 31 49 1287 1296 1336 1343 1346 1351 1366 2000 2635 2736 2767 2772 2813 2816 2845 2859 2864 3154 3382
9702 31 839 847 1090 1251 1296 2364 2635 2736 2813 2859 2864 2983 2985 3382
9763 31 49 214 474 1053 1090 1287 1298 1343 1402 2364 2505 2576 2613 2686 2736 2985 3150 3154 3248
9766 31 573 839 1053 1089 1090 1240 1251 1296 1297 1564 1663 2635 2767 2813 2815 2843 2864 2983 3248
10602 31 155 573 1090 1741 1786 2086 2325 2372 2615 2635 2816 2843 2859 2864 3195 3382 3515
10628 31 759 862 943 1251 1287 1296 1549 1564 2364 2372 2550 2611 2635 2705 2736 2983 2985 3076 3079 3154 3248 3451
10857 31 84 217 759 813 940 946 1143 1285 1366 1367 1470 1613 1639 1719 2635 2845 2864 3516
11048 430 862 1089 1090 1296 1366 1663 2635 2677 2767 2816 2864 3195 3248
11078 100 430 583 759 968 1287 1331 1621 2000 2333 2635 2848 2864 2983 2985 3010 3481
11496 31 968 1133 1331 1505 1717 1917 2086 2142 2322 2506 2550 2635 2722 2864 2899 2985 3115 3248 3579
12399 100 164 210 583 752 857 1011 1222 1356 1409 1530 1737 1738 1791 1838 2325 2843 2848 2858 3322 3560
12587 45 1062 1071 1416 1466 1511 1684 1979 2003 2030 2057 2250 2324 2650 2735 2784 2813 2876 2928 3054 3376 3384 3504
12761 129 248 255 261 347 499 812 1123 1262 1346 1351 1564 1587 1682 2366 2611 3030 3130 3150 3346 3369
13195 49 347 459 710 1090 1297 1682 2248 2364 2372 2813 2859 2985 3145 3148 3150 3151 3248 3382 3486
13222 49 247 282 1062 1343 1344 1351 1402 1629 2636 2650 2813 2877 3444
13509 57 77 123 208 555 735 801 875 931 1316 1365 1382 1482 1621 2520 2612 2651 2685 2894 2899 2935 2983 3374
13528 84 411 555 617 735 1053 1262 1621 1835 1932 2021 2520 2619 2685 2686 2893 2985 3091 3258 3358 3398 3495
13979 67 158 180 1090 1211 1240 1251 1262 1638 1871 2322 2506 2843 2983 2986 3248 3378
14258 70 629 674 1098 1262 1402 1543 1921 2247 2372 2780 2813 2859 2940 3233 3248 3382
14457 77 331 753 922 970 1382 1492 1718 2212 2255 2275 2500 2520 2661 2792 2850 2977 3084 3105 3181 3199 3314
14613 80 162 192 366 474 931 1064 1439 1470 1554 1613 1772 1786 1944 1999 2372 2813 2981 3009 3069 3138 3324
14664 84 176 629 680 759 968 1090 1133 1296 1543 1890 2278 2550 2615 2694 2780 2900 3102 3363 3391 3451 3553
14722 84 162 759 813 887 1133 1251 1296 1564 1717 2086 2278 2333 2485 2550 2620 2705 2864 3102 3115
14940 84 192 275 353 420 557 579 609 669 1159 1256 1316 1515 1550 1552 1690 2380 2499 2535 2615 2797 2831 3260 3398
14990 84 139 759 813 819 1215 1296 1414 1511 1640 1684 1689 2030 2057 2086 2322 2685 2752 2844 2899 2973 3107 3382 3384 3451
15199 84 759 968 1053 1286 1296 1331 1917 2086 2278 2550 2820 2864 2899 3102 3481
15228 84 89 129 794 1053 1287 1296 1640 2322 2359 2362 2520 2615 2650 2678 2752 2768 2927 2993 3146 3219 3279 3292 3382 3451 3502 3557
15367 363 685 716 882 1090 1293 1354 1621 2356 2456 2665 2805 2983 2985 2986 3482 3593
15387 89 134 932 1287 1564 2343 2364 2615 2648 2762 2767 2865 3016 3150 3248 3382 3398
15402 89 968 1078 1240 1251 1296 1564 2278 2322 2325 2680 2705 3451
15512 247 255 282 511 868 1062 1538 2078 2372 2735 2752 2813 2829 2895 2935 3068 3147 3457 3541
15706 119 161 258 460 867 934 1019 1147 1510 1723 1953 1968 2267 2322 2519 2550 2966 3409 3421
15835 342 629 674 725 759 839 1089 1090 1262 1543 1708 1921 2372 2635 2686 2772 2780 2813 2831 2865 2940
15841 129 759 1053 1672 1708 2247 2248 2343 2548 2686 2705 2752 2831 2833 2859 3150 3248 3338
15995 129 710 1079 1341 1564 1589 1682 1766 1946 1988 2018 2248 2495 2731 3089 3148 3151 3154 3486 3625
16030 130 1424 1500 1835 2011 2030 2295 2343 2457 2520 2615 2831 2862 2865 2885 2928 3010 3381 3502
16332 164 301 583 794 819 1356 1530 1689 1737 1972 2009 2030 2650 2678 2735 2848 2937 2938 3399 3507 3557
16376 176 275 794 887 1066 1406 1576 1646 1652 1855 1972 2650 2678 2735 2847 3399 3507
16398 214 342 629 674 725 759 1053 1090 1133 1543 1825 2257 2648 2736 2940 3150
16716 214 794 839 1090 1296 1300 1331 1366 1538 2009 2086 2359 2550 2650 2678 2752 2864 2869 2970 2985 3102 3146 3219 3248
16778 1053 1090 1215 1287 1402 1889 2248 2685 2686 2736 2833 2940 2985 3150 3625
16818 222 539 710 839 1052 1256 1564 1682 1759 1761 2282 2372 2965 2969 2994 3079 3148 3150 3151 3154 3486
16875 239 467 608 724 749 910 1470 1526 1782 1881 2469 2472 2592 2621 3084 3328 3441
16921 258 366 448 452 741 1311 1337 1841 1987 2366 2740 2800 2830 3378 3516
16949 263 342 629 674 725 915 1098 1466 1538 1672 1790 1870 1918 1921 1942 1972 2752 2780 2805 2940 3552
16963 431 499 700 736 812 1076 1090 1453 1586 2098 2104 2129 2156 2913 3214 3369
17424 342 759 1090 1402 1564 2322 2325 2635 2780 2802 2864 2983 3038
17453 342 759 808 867 1133 1505 1708 1717 1740 1754 1921 2322 2372 2486 2736 2780 2813 2859 3323 3421 3524
17553 384 460 759 867 934 1019 1147 1233 1346 1510 1538 1953 1972 2086 2550 2752 2805 2966 3421
17625 430 436 573 839 878 1090 1296 2550 2635 2767 2816 2864 3195 3451 3565 3593 3605 3609 3613 3615
17628 573 1090 1296 1922 2550 2635 2816 2864 2891 3341 3565 3593 3605 3613 3615
17629 430 839 1090 1296 1922 2550 2635 2816 2864 2891 3195 3593 3613
17923 689 1257 1574 1630 2091 2098 2100 2104 2156 2159 2170 2368 2372 2403 3197 3214 3248 3402
18160 794 1113 1265 1406 1414 1607 1791 2078 2360 2361 2362 2755 3259 3292 3297 3376 3383 3399 3505 3554
18168 794 1066 1406 1640 1689 2030 2324 2359 2360 2362 2650 2678 2735 2752 2768 2863 3146 3222 3292 3297 3375 3383 3497 3502 3550 3551 3557
18274 1066 1201 1226 1265 1409 1497 1689 1850 2254 2358 2502 2650 2678 2752 2755 2783 2784 2876 3222 3292 3297 3504 3505 3632
18437 794 1264 1300 1406 1640 1689 2030 2324 2359 2360 2405 2678 2752 2755 2768 2784 3146 3219 3222 3292 3375 3383 3399 3502 3550 3551 3554 3557
18441 794 1257 1406 1640 1689 2030 2324 2359 2360 2362 2405 2650 2752 2768 2784 3146 3222 3292 3297 3399 3551 3554 3557
18496 794 947 1510 1565 1682 2264 2648 2698 2722 2808 2911 2927 3104 3185 3193 3292 3298 3447
18535 794 1066 1264 1300 1409 1426 1689 2405 2412 2490 2751 2785 2937 3146 3297 3497 3502 3507
18637 794 1257 1375 1426 1497 1640 1791 2030 2067 2210 2413 2567 2735 2739 2840 2876 3146 3147 3185 3302 3311 3376 3402 3445 3447 3499 3541
18732 1066 1264 1300 1406 1538 2359 2403 2405 2412 2459 2502 2650 2678 2752 2805 3146 3292 3297 3399 3507 3551 3557
18794 794 1062 1066 1264 1265 1300 1412 1426 1538 2405 2752 2755 2785 3146 3219 3292 3297 3507
18800 794 1458 1466 1640 1689 1942 1972 2009 2030 2250 2324 2359 2678 2755 2783 2866 3219 3222 3292 3297 3375 3383 3507 3557
18801 794 1300 1406 1606 1640 1689 1942 1972 2009 2011 2030 2359 2735 2866 3038 3147 3219 3297 3383 3399 3507 3557
18943 794 1062 1416 1607 1640 1684 1685 1979 2003 2548 2567 2739 2776 2805 2866 3040 3147 3343 3541
18987 794 1062 1066 1265 1426 1538 1672 2009 2752 2785 2805 3219 3292 3297 3557
18995 819 1066 1412 1850 2295 2324 2403 2412 2502 2784 3068 3183 3185 3197 3292 3297 3402 3506
18998 819 1062 1071 1113 1201 1409 1791 2250 2362 2502 2863 2950 3054 3068 3185 3297 3381 3384 3408 3445 3458 3551
19009 819 1071 1416 1457 1523 1607 1672 1790 2057 2067 2358 2412 2533 2805 2861 2928 3219 3297 3546
19019 819 1263 1523 2210 2295 2678 2752 2757 2785 2802 2805 2950 3200 3383 3447 3632
19025 819 1257 1409 1458 1538 1682 1791 2011 2030 2735 2752 2938 3068 3149 3185 3402 3506
19048 819 1263 1445 1538 1682 1685 1791 2030 2650 2829 2908 2938 3185 3302 3310 3311 3497 3541
19054 819 1263 1556 1682 1685 1853 2252 2650 2752 3107 3193 3302 3311 3376 3447 3457 3497
19056 819 1062 1071 1265 1538 1606 2078 2362 2783 2840 3054 3068 3297 3402 3504 3557 3632
19066 819 1062 1263 1264 1412 1457 1523 1556 1607 1672 1850 1853 1972 2821 2840 2928 3193 3219 3297 3447
19085 1119 1178 1283 1284 1285 1693 1872 2222 2304 2613 3090 3194 3410
19088 998 1406 1414 2067 2178 2362 2405 2752 3146 3259 3297 3399 3458 3507 3550 3554
19116 1062 1257 1378 1640 1689 2250 2735 2752 2829 2832 2840 3068 3147 3185 3302 3402 3408 3507
19117 1062 1201 1689 1791 1870 2295 2344 2502 2783 2829 2840 2866 2908 3037 3292 3297 3301
19130 1062 1300 1412 1499 1684 1791 2003 2077 2252 2295 2548 2650 2752 2805 2908 3038 3219 3302 3485 3499
19142 1062 1242 1263 1375 1409 1426 1685 1791 2030 2295 2368 2751 2908 2915 2916 3068 3191 3193 3297 3301 3311 3376 3497 3499 3541
19144 1225 1257 1412 1458 1640 1689 1791 2412 2752 2785 2829 2840 3146 3147 3185 3302 3379 3402 3554
19152 1062 1201 1257 1412 1497 1689 2078 2324 2735 2805 3147 3384 3402 3505 3550
19153 1066 1409 1538 1672 1791 2009 2067 2077 2250 2548 2785 2805 2829 2908 3054 3068 3219 3302 3402 3457 3497
19165 1062 1066 1265 1300 1672 1918 2009 2502 2751 2752 2785 2805 2863 3146 3292 3485 3551
19178 1066 1300 2405 2502 2650 2678 2752 2785 3146 3505 3507 3552 3557
19201 1076 1113 1409 1607 1791 1850 2078 2341 2358 2360 2361 2502 2650 2863 3197 3259 3292 3297 3302 3311 3504 3505 3551 3552
19219 1201 1497 1640 1791 2030 2067 2254 2360 2650 2678 2735 2752 3292 3302 3383 3402 3554
19223 1257 1458 1689 1850 2250 2359 2403 2678 2755 2916 3222 3292 3375 3383 3485 3502 3504 3505 3507 3557
19224 1264 1409 1426 1538 1556 1672 1689 1918 2405 2650 2751 2768 3219 3297 3298 3381 3497 3502 3505 3507
19226 1257 1264 1409 1426 1457 1523 1556 2041 2057 2751 2768 2928 2938 3040 3193 3381 3447 3458 3485 3502
19232 1409 1426 1556 1672 1689 1918 2403 2405 2548 2751 2752 3219 3292 3297 3298 3408 3447 3502 3505 3507 3554
19233 1300 1409 1556 1689 2009 2011 2324 2344 2678 2768 2783 3038 3054 3375 3447 3557
19234 1257 1264 1409 1426 1689 2405 2548 2751 2752 3219 3292 3298 3408 3497 3505 3507
19277 1263 1264 1457 1458 1500 1523 1685 1791 1853 2057 2067 2210 2252 2362 2405 2821 2832 2908 2928 3038 3146 3193 3219 3310 3311 3447 3554
19280 1264 1265 1406 1414 1458 2405 2459 2768 2866 3107 3146 3219 3259 3297 3298 3310 3458 3504 3507 3550 3551 3624
19283 1265 1406 1458 2067 2358 2360 2502 2752 2768 2805 3107 3146 3259 3399 3458 3485 3507 3551 3554 3624
19284 1265 1457 1790 2254 2362 2678 2739 2751 2865 2916 3233 3259 3382 3445 3505 3557 3632
19288 1265 1378 1458 2057 2067 2360 2362 2405 2752 2768 2805 3107 3146 3219 3259 3298 3458 3485 3507 3624
19294 1406 1414 1458 1689 1972 2057 2067 2362 2405 2459 2502 2678 2768 2805 3107 3146 3222 3298 3458 3550 3551
19295 1458 1640 1918 2009 2030 2254 2359 2360 2362 2412 2678 2739 2768 3219 3292 3302 3381 3399 3557
19302 1406 1409 1511 1538 2078 2344 2360 2362 2829 2908 2916 3068 3185 3259 3302 3375 3376 3402 3457 3541 3550
19303 1406 1458 1538 1640 1942 2030 2250 2344 2502 2567 2678 2752 2783 2916 3038 3107 3259 3297 3399 3402 3457 3458 3550 3557
19304 1406 1414 1458 1538 1640 1942 2030 2067 2250 2502 2567 2752 2783 3107 3147 3259 3399 3457 3550 3624
19306 1458 2030 2324 2359 2459 2650 2678 2866 3038 3054 3147 3375 3383 3384 3399 3408 3445 3507 3550 3551 3557
19307 1406 1458 1689 2011 2067 2250 2752 2832 3039 3259 3297 3399 3458 3507 3550 3551 3554 3624
19316 1414 1523 1606 1791 1979 2057 2344 2502 2755 2776 2783 2784 2821 2861 3107 3297 3505 3550 3557 3632
19317 1414 1458 2057 2067 2358 2360 2362 2502 2768 2805 2863 3146 3219 3259 3297 3310 3458 3485 3502 3507 3551 3554 3624
19323 1458 1466 1942 2067 2250 2344 2358 2362 2784 2832 2916 3038 3054 3183 3197 3383 3551
